Time Fxf Fyf Fzf Ftf	
0.000000 0.215457 -0.228173 0.206048 0.375421
0.008000 0.215457 -0.228173 0.206048 0.375421
0.016000 0.215457 -0.228173 0.206048 0.375421
0.024000 0.215457 -0.228173 0.206048 0.375421
0.032000 0.215457 -0.228173 0.206048 0.375421
0.040000 0.215457 -0.228173 0.206048 0.375420
0.048000 0.215453 -0.228172 0.206044 0.375415
0.056000 0.215314 -0.228119 0.205926 0.375238
0.064000 0.210701 -0.226368 0.202018 0.369390
0.072000 0.058170 -0.168489 0.072784 0.192535
0.080000 -0.114311 -0.070330 -0.054269 0.144770
0.088000 -0.154194 -0.023096 0.021864 0.157440
0.096000 -0.152607 -0.034102 0.123877 0.199493
0.104000 -0.119526 -0.030406 0.161808 0.203452
0.112000 -0.093865 0.013952 0.188239 0.210806
0.120000 -0.078385 0.054843 0.135372 0.165763
0.128000 -0.066215 0.058930 0.019994 0.090867
0.136000 -0.034774 0.034688 -0.068351 0.084168
0.144000 0.044626 0.088312 -0.089169 0.133198
0.152000 0.179592 0.196927 -0.037389 0.269131
0.160000 0.266903 0.208936 0.036383 0.340904
0.168000 0.233925 0.171559 0.172321 0.337414
0.176000 0.182111 0.197733 0.267799 0.379446
0.184000 0.220290 0.271022 0.207561 0.406279
0.192000 0.319785 0.268282 0.075756 0.424236
0.200000 0.282652 0.133942 -0.015078 0.313146
0.208000 0.081154 0.020356 0.016774 0.085333
0.216000 -0.085484 -0.016177 0.094152 0.128195
0.224000 -0.179612 -0.044103 0.132104 0.227282
0.232000 -0.251630 -0.071759 0.124549 0.289792
0.240000 -0.287141 -0.099135 0.073802 0.312609
0.248000 -0.293119 -0.087825 -0.056057 0.311086
0.256000 -0.247879 -0.042005 -0.151296 0.293426
0.264000 -0.168118 -0.019645 -0.029931 0.171888
0.272000 -0.123992 -0.007553 0.108100 0.164671
0.280000 -0.077880 0.014448 0.165929 0.183865
0.288000 -0.019367 0.018728 0.221779 0.223409
0.296000 0.002750 -0.009875 0.232983 0.233209
0.304000 -0.005887 -0.041472 0.310732 0.313542
0.312000 -0.017282 -0.050293 0.440905 0.444101
0.320000 -0.000227 -0.043733 0.341587 0.344375
0.328000 0.012131 -0.025402 0.067903 0.073507
0.336000 0.018552 0.011240 -0.053134 0.057391
0.344000 0.100082 0.049038 0.010680 0.111960
0.352000 0.182250 0.047458 0.108466 0.217330
0.360000 0.151118 0.016692 0.196767 0.248661
0.368000 0.076570 0.008355 0.293023 0.302978
0.376000 0.072270 0.030079 0.306212 0.316060
0.384000 0.152787 0.075333 0.171961 0.242052
0.392000 0.241781 0.098167 -0.013964 0.261323
0.400000 0.259639 0.067235 -0.101889 0.286904
0.408000 0.198209 -0.000672 -0.038246 0.201866
0.416000 0.074911 -0.111616 0.080083 0.156470
0.424000 -0.089052 -0.186448 0.077350 0.220626
0.432000 -0.202500 -0.150008 0.046516 0.256266
0.440000 -0.204817 -0.085062 0.155707 0.270980
0.448000 -0.168086 -0.077641 0.182278 0.259820
0.456000 -0.165999 -0.104562 0.062811 0.205996
0.464000 -0.163316 -0.113291 -0.003046 0.198787
0.472000 -0.106268 -0.078683 0.012742 0.132839
0.480000 -0.029900 -0.021836 0.067307 0.076818
0.488000 -0.020910 -0.043364 0.018731 0.051658
0.496000 -0.096307 -0.130627 -0.101396 0.191362
0.504000 -0.168860 -0.090844 -0.054643 0.199380
0.512000 -0.092533 0.097180 0.011406 0.134672
0.520000 0.133672 0.260078 0.074677 0.301803
0.528000 0.307758 0.332823 0.264012 0.524584
0.536000 0.356755 0.382959 0.357829 0.634013
0.544000 0.380807 0.427421 0.307846 0.649978
0.552000 0.416096 0.395661 0.279859 0.638753
0.560000 0.344084 0.308357 0.293279 0.547257
0.568000 0.149663 0.268035 0.172254 0.352013
0.576000 0.074199 0.236737 0.008673 0.248244
0.584000 0.143535 0.130876 0.053898 0.201583
0.592000 0.111602 0.009726 0.112823 0.158993
0.600000 0.023370 -0.009045 0.001158 0.025086
0.608000 0.100771 0.024643 -0.076080 0.128647
0.616000 0.259553 -0.027873 0.207691 0.333587
0.624000 0.247408 -0.168561 0.779835 0.835324
0.632000 0.012878 -0.323863 1.163661 1.207957
0.640000 -0.234022 -0.400151 1.135682 1.226646
0.648000 -0.341701 -0.397237 0.834157 0.985076
0.656000 -0.455724 -0.432106 0.432110 0.762312
0.664000 -0.592706 -0.432451 -0.057721 0.735966
0.672000 -0.534181 -0.231029 -0.623987 0.853278
0.680000 -0.269258 -0.029445 -0.191966 0.331991
0.688000 -0.011837 -0.053905 0.971390 0.972956
0.696000 -0.060836 -0.086367 1.022753 1.028195
0.704000 -0.219875 0.049993 0.373135 0.435975
0.712000 -0.096342 0.235996 -0.062917 0.262554
0.720000 0.058629 0.413391 -0.025200 0.418287
0.728000 0.081793 0.493447 0.176327 0.530350
0.736000 0.159666 0.415203 0.224686 0.498368
0.744000 0.282020 0.295977 0.378122 0.556879
0.752000 0.338970 0.164965 0.307057 0.486208
0.760000 0.351734 0.070420 0.233436 0.427982
0.768000 0.331716 0.037948 0.418393 0.535283
0.776000 0.219869 -0.022875 0.444890 0.496782
0.784000 0.067279 -0.075761 0.306492 0.322806
0.792000 -0.007416 -0.074858 0.207295 0.220522
0.800000 -0.013797 -0.110741 0.146889 0.184473
0.808000 -0.061311 -0.172291 0.085548 0.201895
0.816000 -0.144660 -0.156836 0.013809 0.213810
0.824000 -0.186638 0.001032 0.191986 0.267756
0.832000 -0.069073 0.406105 0.585337 0.715760
0.840000 0.067858 0.872834 0.851382 1.221185
0.848000 0.122718 0.997652 1.196653 1.562801
0.856000 0.259342 0.836301 1.562967 1.791514
0.864000 0.426074 0.709498 1.538111 1.746629
0.872000 0.647505 0.677729 1.298187 1.601209
0.880000 0.869774 0.642796 1.211710 1.624172
0.888000 1.065071 0.615680 1.258618 1.759988
0.896000 1.375156 0.672507 1.296141 2.005817
0.904000 1.715298 0.712067 1.304828 2.269771
0.912000 1.986411 0.659647 1.495525 2.572461
0.920000 2.048461 0.516249 1.689012 2.704711
0.928000 1.814331 0.271150 1.436935 2.330258
0.936000 1.536169 0.102302 1.145089 1.918726
0.944000 1.342405 0.067588 1.346804 1.902761
0.952000 1.198230 0.095836 1.849606 2.205897
0.960000 1.157738 0.175772 2.215077 2.505558
0.968000 1.207349 0.183351 2.182763 2.501153
0.976000 1.169701 0.087367 1.874768 2.211467
0.984000 0.912037 0.016978 1.737408 1.962317
0.992000 0.636738 0.037223 1.829114 1.937131
1.000000 0.531633 0.154869 1.739373 1.825387
1.008000 0.501548 0.261904 1.228005 1.352088
1.016000 0.322684 0.187287 0.526349 0.645171
1.024000 -0.050934 0.042531 0.235627 0.244793
1.032000 -0.404595 0.545817 1.339340 1.501814
1.040000 -0.466488 0.947540 4.113560 4.246977
1.048000 0.329927 0.246133 7.162438 7.174256
1.056000 1.838978 -0.474876 10.098399 10.275457
1.064000 3.240026 -0.000135 13.886275 14.259257
1.072000 4.772812 2.316763 18.164678 18.923600
1.080000 6.918334 5.123581 21.455463 23.118203
1.088000 9.312068 6.673935 22.826941 25.540659
1.096000 11.122765 7.105402 22.578010 26.152804
1.104000 12.161344 6.964284 21.093618 25.324697
1.112000 12.843390 6.399727 18.419030 23.348872
1.120000 12.936550 5.590504 15.311581 20.809916
1.128000 11.927277 5.025450 12.354181 17.892481
1.136000 10.014774 4.778925 9.338864 14.503386
1.144000 8.107355 4.420974 6.332602 11.197146
1.152000 6.322369 3.704457 4.099225 8.396368
1.160000 4.135887 2.887065 3.474247 6.124630
1.168000 2.151260 2.084916 4.240344 5.191850
1.176000 1.525147 1.146722 5.724221 6.033883
1.184000 1.945632 -0.602323 7.864612 8.124063
1.192000 1.660009 -3.695448 10.552629 11.303537
1.200000 1.217168 -6.659427 13.270639 14.897628
1.208000 2.445700 -8.186594 15.484666 17.685493
1.216000 4.639401 -8.672170 16.409997 19.131613
1.224000 6.529727 -8.298769 15.698572 18.919621
1.232000 7.704978 -7.080231 14.003710 17.481426
1.240000 8.026402 -5.499690 12.062001 15.497147
1.248000 7.613580 -4.141653 10.110737 13.317165
1.256000 6.796679 -3.243859 8.149434 11.096429
1.264000 5.736734 -2.616776 6.102634 8.774952
1.272000 4.391773 -1.947978 3.964629 6.229011
1.280000 2.961322 -1.169977 2.096465 3.812275
1.288000 1.655561 -0.467244 0.827870 1.909075
1.296000 0.617755 -0.021960 0.152979 0.636793
1.304000 0.079190 0.133485 -0.036852 0.159522
1.312000 -0.011074 0.147162 0.108595 0.183227
1.320000 0.060847 0.177493 0.189246 0.266496
1.328000 0.188566 0.277990 0.043974 0.338776
1.336000 0.251123 0.370836 0.078312 0.454659
1.344000 0.236501 0.377581 0.351741 0.567646
1.352000 0.283125 0.330053 0.410700 0.598138
1.360000 0.298709 0.292438 0.249899 0.487028
1.368000 0.204397 0.251616 0.147838 0.356293
1.376000 0.092354 0.154066 0.015033 0.180254
1.384000 0.037219 0.080260 -0.067058 0.111012
1.392000 0.044549 0.077960 0.077206 0.118419
1.400000 0.045704 0.045979 0.188898 0.199713
1.408000 -0.012354 -0.031528 0.123164 0.127734
1.416000 -0.066664 -0.103261 0.030491 0.126636
1.424000 -0.056364 -0.145985 -0.064608 0.169301
1.432000 -0.046701 -0.153740 -0.213059 0.266855
1.440000 -0.093064 -0.160094 -0.167508 0.249700
1.448000 -0.183997 -0.184680 0.124326 0.288823
1.456000 -0.211222 -0.191318 0.247403 0.377393
1.464000 -0.131661 -0.178842 0.173635 0.281901
1.472000 -0.110656 -0.204126 0.159576 0.281738
1.480000 -0.177135 -0.223019 0.183228 0.338654
1.488000 -0.203772 -0.140934 0.149718 0.289484
1.496000 -0.158838 -0.015094 0.084635 0.180612
1.504000 -0.127892 0.004760 0.099382 0.162037
1.512000 -0.156944 -0.027439 0.178020 0.238904
1.520000 -0.111409 0.073298 0.215460 0.253393
1.528000 0.060498 0.236630 0.130408 0.276876
1.536000 0.188399 0.351750 0.006419 0.399078
1.544000 0.186619 0.410058 0.139776 0.471711
1.552000 0.148102 0.356365 0.466224 0.605223
1.560000 0.120682 0.241078 0.579442 0.639090
1.568000 0.082058 0.156589 0.441353 0.475443
1.576000 0.047060 0.114990 0.324982 0.347924
1.584000 0.054347 0.097915 0.170359 0.203871
1.592000 0.093256 0.048909 -0.026429 0.108570
1.600000 0.068841 -0.043464 0.021008 0.084081
1.608000 -0.036707 -0.115703 0.186345 0.222394
1.616000 -0.065436 -0.130635 0.154171 0.212406
1.624000 0.008647 -0.107774 0.050935 0.119517
1.632000 0.027767 -0.077624 0.047212 0.095002
1.640000 -0.006630 -0.051621 0.027212 0.058729
1.648000 -0.066875 -0.051536 0.080777 0.116847
1.656000 -0.158051 -0.045080 0.272157 0.317934
1.664000 -0.209055 -0.068755 0.265418 0.344786
1.672000 -0.234155 -0.147020 -0.030407 0.278151
1.680000 -0.272458 -0.163192 -0.146416 0.349718
1.688000 -0.269490 -0.145666 0.046633 0.309867
1.696000 -0.221913 -0.142550 0.146083 0.301506
1.704000 -0.192400 -0.086600 0.100902 0.233877
1.712000 -0.152880 0.041962 0.048275 0.165721
1.720000 -0.031022 0.178015 -0.046889 0.186682
1.728000 0.136840 0.222504 -0.059566 0.267920
1.736000 0.202810 0.194698 0.090527 0.295355
1.744000 0.201711 0.178931 0.207083 0.339981
1.752000 0.217980 0.159402 0.237215 0.359437
1.760000 0.164402 0.151615 0.346853 0.412701
1.768000 0.154299 0.180343 0.445883 0.505118
1.776000 0.288693 0.189903 0.232964 0.416748
1.784000 0.387258 0.181002 -0.032640 0.428714
1.792000 0.341791 0.203078 0.049389 0.400625
1.800000 0.221224 0.201199 0.242154 0.384785
1.808000 0.102039 0.116955 0.252799 0.296644
1.816000 -0.044617 0.059044 0.175105 0.190101
1.824000 -0.123156 0.065320 0.084189 0.162856
1.832000 -0.055074 0.034386 -0.000079 0.064927
1.840000 -0.066126 -0.046694 -0.029073 0.086013
1.848000 -0.203446 -0.089449 -0.014701 0.222727
1.856000 -0.288723 -0.059221 0.074752 0.304066
1.864000 -0.245376 -0.024366 0.173946 0.301762
1.872000 -0.148997 0.001710 0.164563 0.222000
1.880000 -0.116454 0.029156 0.110725 0.163315
1.888000 -0.144092 0.021760 0.117640 0.187283
1.896000 -0.142326 0.046089 0.103758 0.182062
1.904000 -0.056242 0.117294 0.111912 0.171596
1.912000 0.033017 0.136400 0.158410 0.211634
1.920000 0.083727 0.134065 0.087735 0.180779
1.928000 0.101011 0.156302 0.015337 0.186732
1.936000 0.058865 0.182867 0.121737 0.227432
1.944000 0.040538 0.179766 0.275462 0.331419
1.952000 0.069270 0.139567 0.393146 0.422896
1.960000 0.119170 0.176420 0.279021 0.350967
1.968000 0.259152 0.250049 -0.175685 0.400686
1.976000 0.393679 0.188570 -0.223150 0.490243
1.984000 0.376245 0.067185 0.440012 0.582825
1.992000 0.317148 -0.003753 0.786583 0.848121
2.000000 0.276701 -0.035605 0.264919 0.384725
2.008000 0.124081 0.019124 -0.383372 0.403405
2.016000 -0.023026 0.142238 -0.380421 0.406795
2.024000 0.065231 0.158544 0.187597 0.254133
2.032000 0.167671 0.011615 0.478395 0.507061
2.040000 -0.059299 -0.092837 0.104035 0.151520
2.048000 -0.289176 -0.022071 -0.239665 0.376230
2.056000 -0.137610 0.022330 -0.030411 0.142689
2.064000 0.007648 -0.091423 0.061963 0.110708
2.072000 -0.111063 -0.252914 -0.174307 0.326624
2.080000 -0.240918 -0.412676 -0.138466 0.497510
2.088000 -0.268080 -0.497167 0.275737 0.628548
2.096000 -0.206809 -0.464693 0.603129 0.788970
2.104000 -0.079434 -0.402727 0.288807 0.501904
2.112000 0.012030 -0.341638 -0.121076 0.362658
2.120000 0.035102 -0.309469 0.032302 0.313125
2.128000 0.025166 -0.254879 0.298905 0.393626
2.136000 0.029109 -0.141053 0.250147 0.288647
2.144000 0.080571 -0.046471 0.149226 0.175840
2.152000 0.119085 0.034042 0.238689 0.268910
2.160000 0.156037 0.083377 0.216224 0.279378
2.168000 0.213582 0.093523 -0.082935 0.247471
2.176000 0.212800 0.083437 -0.234272 0.327306
2.184000 0.188698 0.065707 0.038469 0.203480
2.192000 0.192519 0.082119 0.378935 0.432896
2.200000 0.194790 0.079563 0.401541 0.453331
2.208000 0.147486 0.008184 0.216148 0.261800
2.216000 0.032780 -0.097741 0.107604 0.149018
2.224000 -0.098185 -0.180934 0.140704 0.249349
2.232000 -0.225369 -0.218658 0.158482 0.351737
2.240000 -0.300148 -0.227394 0.120626 0.395408
2.248000 -0.275376 -0.182251 0.154846 0.364725
2.256000 -0.211093 -0.132600 0.198324 0.318552
2.264000 -0.184286 -0.135901 0.120228 0.258622
2.272000 -0.191746 -0.146531 -0.016814 0.241910
2.280000 -0.198525 -0.139180 -0.025838 0.243825
2.288000 -0.207836 -0.063172 0.109103 0.243084
2.296000 -0.182989 0.042895 0.195050 0.270868
2.304000 -0.122389 0.066849 0.057608 0.150886
2.312000 -0.069284 0.041824 -0.128694 0.152025
2.320000 -0.003383 0.049658 -0.047984 0.069137
2.328000 0.048676 0.096723 0.140448 0.177342
2.336000 0.044952 0.134082 0.186965 0.234424
2.344000 0.047612 0.137240 0.233191 0.274736
2.352000 0.109712 0.115414 0.352422 0.386727
2.360000 0.175344 0.071994 0.396965 0.439898
2.368000 0.179842 0.020954 0.269148 0.324381
2.376000 0.144447 0.006239 0.086906 0.168691
2.384000 0.154783 0.044770 0.055118 0.170294
2.392000 0.206023 0.089168 0.134274 0.261584
2.400000 0.201139 0.096533 0.176087 0.284223
2.408000 0.136548 0.028983 0.175928 0.224580
2.416000 0.049961 -0.108435 0.128850 0.175661
2.424000 -0.052425 -0.199807 0.053711 0.213438
2.432000 -0.151570 -0.239447 0.105107 0.302251
2.440000 -0.216631 -0.273785 0.220485 0.412917
2.448000 -0.194794 -0.214012 0.191670 0.347107
2.456000 -0.089109 -0.099388 0.071644 0.151497
2.464000 -0.023647 -0.072568 -0.016644 0.078117
2.472000 -0.068361 -0.100285 -0.090254 0.151249
2.480000 -0.160563 -0.065775 -0.006388 0.173631
2.488000 -0.201756 0.006837 0.233139 0.308393
2.496000 -0.138362 0.062306 0.306778 0.342255
2.504000 -0.045320 0.105464 0.191234 0.223040
2.512000 -0.024683 0.114162 0.089524 0.147162
2.520000 -0.087122 0.091991 0.041735 0.133396
2.528000 -0.127987 0.090915 0.044626 0.163211
2.536000 -0.053852 0.136787 0.128765 0.195425
2.544000 0.068135 0.202898 0.241510 0.322703
2.552000 0.146341 0.239457 0.270754 0.389953
2.560000 0.240190 0.226748 0.236198 0.406073
2.568000 0.391390 0.244068 0.190216 0.498936
2.576000 0.467743 0.325829 0.185743 0.599541
2.584000 0.352414 0.345448 0.202303 0.533344
2.592000 0.166111 0.230904 0.102403 0.302318
2.600000 0.106088 0.097684 0.041737 0.150129
2.608000 0.085188 0.043976 0.150442 0.178392
2.616000 0.046649 0.030746 0.309396 0.314400
2.624000 0.096932 0.032135 0.301272 0.318109
2.632000 0.168524 0.032006 0.110697 0.204153
2.640000 0.115188 -0.032971 0.039327 0.126103
2.648000 -0.090561 -0.166725 0.121675 0.225396
2.656000 -0.352027 -0.317310 0.071463 0.479286
2.664000 -0.496087 -0.422369 -0.011976 0.651645
2.672000 -0.494714 -0.427373 0.064418 0.656916
2.680000 -0.453515 -0.398946 0.125782 0.616972
2.688000 -0.366584 -0.402114 0.182285 0.573853
2.696000 -0.259034 -0.387111 0.152303 0.490051
2.704000 -0.196954 -0.332233 -0.066159 0.391850
2.712000 -0.147864 -0.221375 -0.148922 0.305038
2.720000 -0.068069 -0.047382 -0.000547 0.082938
2.728000 0.032660 0.113874 0.129238 0.175319
2.736000 0.172718 0.205658 0.243031 0.362202
2.744000 0.347913 0.264753 0.320620 0.542157
2.752000 0.460466 0.319764 0.224283 0.603805
2.760000 0.421954 0.331612 0.101873 0.546251
2.768000 0.250705 0.342538 0.061530 0.428918
2.776000 0.107906 0.366053 0.153600 0.411377
2.784000 0.090442 0.303007 0.334809 0.460532
2.792000 0.100088 0.209534 0.368127 0.435246
2.800000 0.080912 0.174262 0.221991 0.293588
2.808000 0.029749 0.167987 0.097133 0.196315
2.816000 -0.042974 0.143856 0.025557 0.152297
2.824000 -0.085466 0.063209 -0.083246 0.135017
2.832000 -0.143854 -0.031324 -0.053889 0.156778
2.840000 -0.195113 -0.113739 0.196143 0.299128
2.848000 -0.202120 -0.166747 0.316106 0.410585
2.856000 -0.204833 -0.148303 0.181102 0.311044
2.864000 -0.168968 -0.137311 0.100772 0.239916
2.872000 -0.135870 -0.177508 0.127583 0.257385
2.880000 -0.173576 -0.213966 0.146254 0.311931
2.888000 -0.268380 -0.223829 0.203575 0.404438
2.896000 -0.373060 -0.187564 0.243324 0.483281
2.904000 -0.361931 -0.074743 0.196669 0.418640
2.912000 -0.155846 0.064216 0.154927 0.228941
2.920000 0.129311 0.190937 0.065655 0.239768
2.928000 0.315712 0.272057 -0.000202 0.416760
2.936000 0.327800 0.250022 0.104043 0.425192
2.944000 0.244904 0.210667 0.239201 0.401965
2.952000 0.217674 0.205425 0.278367 0.408742
2.960000 0.229720 0.219579 0.193902 0.372269
2.968000 0.240428 0.278069 0.146939 0.395878
2.976000 0.315887 0.301719 0.219235 0.488757
2.984000 0.370765 0.225249 0.227106 0.489674
2.992000 0.272872 0.132184 0.178066 0.351623
3.000000 0.032701 0.094156 0.148577 0.178913
3.008000 -0.166862 0.085230 0.111326 0.217946
3.016000 -0.185060 0.065110 0.094187 0.217618
3.024000 -0.113284 0.030915 0.038712 0.123643
3.032000 -0.062431 -0.013071 -0.000803 0.063789
3.040000 -0.082229 -0.070485 0.111084 0.155144
3.048000 -0.165566 -0.147323 0.235587 0.323446
3.056000 -0.234844 -0.201133 0.151690 0.344407
3.064000 -0.279457 -0.214815 -0.021112 0.353111
3.072000 -0.322518 -0.228276 -0.021614 0.395721
3.080000 -0.309223 -0.215282 0.134578 0.400095
3.088000 -0.241320 -0.157276 0.203558 0.352714
3.096000 -0.172187 -0.089188 0.017158 0.194672
3.104000 -0.116942 -0.058625 -0.111777 0.172065
3.112000 -0.077732 -0.064186 0.077862 0.127376
3.120000 -0.051175 -0.011916 0.255321 0.260672
3.128000 -0.012179 0.092509 0.304252 0.318238
3.136000 0.065674 0.145175 0.382031 0.413928
3.144000 0.141842 0.182353 0.356856 0.425109
3.152000 0.182703 0.233231 0.216948 0.367211
3.160000 0.213343 0.248820 0.060139 0.333232
3.168000 0.237536 0.239391 -0.007508 0.337324
3.176000 0.236557 0.208273 0.104989 0.332204
3.184000 0.179950 0.166471 0.218495 0.328382
3.192000 0.086829 0.148630 0.244573 0.299075
3.200000 0.027090 0.133788 0.282393 0.313655
3.208000 0.011412 0.105255 0.262468 0.283016
3.216000 0.026775 0.095080 0.098986 0.139840
3.224000 0.046725 0.083439 -0.012916 0.096499
3.232000 0.039211 0.034540 0.124422 0.134949
3.240000 -0.021845 -0.030046 0.273935 0.276442
3.248000 -0.137061 -0.072439 0.221280 0.270181
3.256000 -0.211829 -0.076383 0.167779 0.280812
3.264000 -0.198662 -0.045884 0.229134 0.306715
3.272000 -0.132972 -0.011207 0.296628 0.325262
3.280000 -0.107302 -0.020967 0.274520 0.295490
3.288000 -0.213106 -0.052433 0.187079 0.288378
3.296000 -0.330018 -0.046098 0.043602 0.336062
3.304000 -0.297546 -0.012557 -0.050467 0.302057
3.312000 -0.173576 0.023554 -0.054685 0.183504
3.320000 -0.077043 0.058202 0.018400 0.098294
3.328000 0.028261 0.101214 0.246914 0.268345
3.336000 0.154730 0.155551 0.322698 0.390220
3.344000 0.201818 0.190843 0.111240 0.299209
3.352000 0.150989 0.177595 -0.023442 0.234281
3.360000 0.082401 0.148714 0.001043 0.170020
3.368000 0.057794 0.155090 0.056376 0.174846
3.376000 0.053354 0.157730 0.143145 0.219581
3.384000 0.079300 0.120107 0.290487 0.324186
3.392000 0.141748 0.088185 0.394502 0.428370
3.400000 0.165987 0.077643 0.308877 0.359145
3.408000 0.134688 0.027562 0.158685 0.209956
3.416000 0.082869 -0.047630 0.077830 0.123262
3.424000 0.030269 -0.083960 0.102429 0.135857
3.432000 -0.027697 -0.084205 0.226389 0.243124
3.440000 -0.114208 -0.055996 0.271125 0.299479
3.448000 -0.161393 -0.041474 0.144947 0.220856
3.456000 -0.124053 -0.093225 0.016745 0.156079
3.464000 -0.116289 -0.159771 0.051795 0.204286
3.472000 -0.163581 -0.175182 0.213096 0.320714
3.480000 -0.224054 -0.173842 0.356318 0.455394
3.488000 -0.280197 -0.173405 0.308763 0.451569
3.496000 -0.298489 -0.160268 0.074442 0.346877
3.504000 -0.313934 -0.141129 -0.100446 0.358555
3.512000 -0.302643 -0.084298 -0.078899 0.323920
3.520000 -0.180418 -0.001920 0.038023 0.184391
3.528000 -0.001820 0.057913 0.149503 0.160338
3.536000 0.122535 0.087448 0.163376 0.222157
3.544000 0.174666 0.085761 0.095886 0.216927
3.552000 0.233559 0.089371 0.102213 0.270156
3.560000 0.321539 0.121574 0.201163 0.398289
3.568000 0.357118 0.145793 0.266845 0.469037
3.576000 0.290070 0.144096 0.265792 0.418986
3.584000 0.200356 0.123033 0.343194 0.416007
3.592000 0.234195 0.080043 0.355531 0.433193
3.600000 0.287242 0.012836 0.152598 0.325513
3.608000 0.170369 -0.062899 0.066959 0.193560
3.616000 -0.043708 -0.100070 0.163929 0.196970
3.624000 -0.131736 -0.068315 0.196719 0.246413
3.632000 -0.043373 -0.047808 0.176651 0.188075
3.640000 0.003502 -0.082951 0.132132 0.156051
3.648000 -0.045956 -0.109967 0.042977 0.126696
3.656000 -0.098602 -0.138586 -0.016204 0.170854
3.664000 -0.190092 -0.169058 0.012266 0.254688
3.672000 -0.259122 -0.110971 0.124013 0.307957
3.680000 -0.198384 0.003289 0.294525 0.355122
3.688000 -0.076469 0.079048 0.428666 0.442550
3.696000 0.012752 0.099653 0.367903 0.381373
3.704000 0.026368 0.053403 0.120722 0.134614
3.712000 -0.027383 0.014545 -0.051401 0.060029
3.720000 -0.099914 0.049960 0.015208 0.112739
3.728000 -0.163113 0.104333 0.137977 0.237758
3.736000 -0.135981 0.148393 0.160600 0.257495
3.744000 0.024495 0.158424 0.193452 0.251240
3.752000 0.177988 0.120111 0.249813 0.329413
3.760000 0.204286 0.087653 0.243615 0.329794
3.768000 0.179755 0.089677 0.219364 0.297446
3.776000 0.201592 0.100163 0.193999 0.297166
3.784000 0.237114 0.089315 0.209161 0.328555
3.792000 0.204663 0.045997 0.202511 0.291571
3.800000 0.133114 -0.012614 0.145194 0.197382
3.808000 0.110746 -0.070443 0.212186 0.249499
3.816000 0.094423 -0.087060 0.351425 0.374159
3.824000 0.051045 -0.045365 0.384990 0.391000
3.832000 0.025573 -0.042670 0.289002 0.293253
3.840000 -0.032663 -0.113799 0.162848 0.201336
3.848000 -0.155231 -0.187049 0.116834 0.269693
3.856000 -0.298231 -0.227033 0.084305 0.384178
3.864000 -0.430352 -0.231549 0.002699 0.488697
3.872000 -0.478531 -0.192751 0.003435 0.515904
3.880000 -0.398830 -0.149732 0.050107 0.428947
3.888000 -0.233629 -0.128957 0.051916 0.271860
3.896000 -0.094955 -0.077514 0.065119 0.138799
3.904000 -0.029998 0.002868 0.085090 0.090268
3.912000 0.053504 0.061323 0.080396 0.114397
3.920000 0.142399 0.106554 0.142332 0.227793
3.928000 0.213324 0.121579 0.298875 0.386801
3.936000 0.247559 0.069463 0.376382 0.455822
3.944000 0.153076 0.019985 0.293906 0.331982
3.952000 0.046415 0.036027 0.155805 0.166516
3.960000 0.050947 0.112269 0.175427 0.214417
3.968000 0.099999 0.158090 0.310477 0.362475
3.976000 0.147112 0.085872 0.312068 0.355531
3.984000 0.174509 -0.007237 0.229695 0.288557
3.992000 0.174117 -0.021312 0.170909 0.244910
4.000000 0.163410 0.021170 0.146379 0.220404
4.008000 0.165310 0.077036 0.223695 0.288620
4.016000 0.209266 0.074492 0.315954 0.386223
4.024000 0.268303 -0.035929 0.326451 0.424085
4.032000 0.220910 -0.218136 0.285064 0.421481
4.040000 -0.012819 -0.384799 0.209674 0.438403
4.048000 -0.286912 -0.410019 0.128428 0.516650
4.056000 -0.405712 -0.277327 0.065300 0.495759
4.064000 -0.326792 -0.131004 0.014560 0.352374
4.072000 -0.146474 -0.076993 -0.059507 0.175851
4.080000 -0.040494 -0.066844 -0.028281 0.083113
4.088000 -0.034770 -0.051860 0.130253 0.144445
4.096000 -0.040278 -0.040573 0.185715 0.194316
4.104000 -0.020698 -0.008228 0.202032 0.203256
4.112000 0.010047 0.013003 0.271421 0.271918
4.120000 -0.000295 0.001249 0.238424 0.238428
4.128000 -0.017434 0.006193 0.203902 0.204740
4.136000 0.018785 0.033293 0.280614 0.283206
4.144000 0.078066 0.065231 0.244253 0.264592
4.152000 0.135468 0.086851 0.091060 0.184896
4.160000 0.166969 0.088342 0.098862 0.213205
4.168000 0.173467 0.086425 0.213705 0.288496
4.176000 0.179085 0.110467 0.270087 0.342376
4.184000 0.180601 0.166667 0.301219 0.388751
4.192000 0.195480 0.193621 0.266878 0.383309
4.200000 0.211925 0.169469 0.166811 0.318524
4.208000 0.177841 0.114222 0.092187 0.230591
4.216000 0.100945 0.000309 0.094980 0.138604
4.224000 0.021897 -0.155803 0.202715 0.256607
4.232000 -0.085619 -0.285672 0.325441 0.441420
4.240000 -0.213790 -0.305549 0.305548 0.482106
4.248000 -0.255710 -0.240395 0.117563 0.370133
4.256000 -0.210067 -0.229085 -0.034271 0.312702
4.264000 -0.199660 -0.305453 -0.007809 0.365003
4.272000 -0.256741 -0.353142 0.011479 0.436757
4.280000 -0.287977 -0.283291 -0.029053 0.405005
4.288000 -0.226708 -0.177695 0.033718 0.290015
4.296000 -0.154681 -0.133493 0.075790 0.217924
4.304000 -0.115637 -0.140378 -0.018071 0.182769
4.312000 -0.052044 -0.175191 -0.023008 0.184200
4.320000 -0.032671 -0.193539 0.144694 0.243846
4.328000 -0.048214 -0.143205 0.302503 0.338142
4.336000 0.011127 -0.060408 0.256816 0.264059
4.344000 0.122287 0.019766 0.069756 0.142165
4.352000 0.242517 0.069673 0.033659 0.254562
4.360000 0.284854 0.069450 0.212296 0.361987
4.368000 0.201638 0.071485 0.407286 0.460054
4.376000 0.103869 0.079739 0.454302 0.472798
4.384000 0.094880 0.083967 0.332552 0.355870
4.392000 0.191701 0.097014 0.170700 0.274408
4.400000 0.291207 0.079746 0.095931 0.316802
4.408000 0.284776 0.029014 0.096363 0.302035
4.416000 0.209685 -0.001676 0.126124 0.244700
4.424000 0.133038 -0.017657 0.161688 0.210128
4.432000 0.043869 -0.041395 0.182021 0.191754
4.440000 -0.102269 -0.039971 0.166948 0.199820
4.448000 -0.223337 -0.028414 0.122262 0.256193
4.456000 -0.228802 -0.032872 0.081906 0.245234
4.464000 -0.169987 -0.043689 0.155153 0.234258
4.472000 -0.115977 -0.071046 0.247191 0.282138
4.480000 -0.107314 -0.075941 0.195138 0.235292
4.488000 -0.111854 -0.032666 0.100390 0.153807
4.496000 -0.092821 0.010641 0.041592 0.102269
4.504000 -0.051513 0.006807 0.088333 0.102483
4.512000 -0.008267 -0.074415 0.211271 0.224146
4.520000 -0.012139 -0.148966 0.318696 0.352002
4.528000 -0.035235 -0.103292 0.370335 0.386081
4.536000 0.004955 0.000086 0.251890 0.251939
4.544000 0.082990 0.054330 0.016853 0.100613
4.552000 0.134319 0.055830 -0.051574 0.154333
4.560000 0.183337 0.051220 0.113358 0.221553
4.568000 0.241835 0.075104 0.302297 0.394345
4.576000 0.260535 0.099110 0.399979 0.487529
4.584000 0.257474 0.098671 0.300399 0.407760
4.592000 0.256118 0.119452 0.050538 0.287088
4.600000 0.214287 0.125591 -0.052837 0.253936
4.608000 0.136053 0.100372 0.037873 0.173261
4.616000 0.050085 0.089968 0.177786 0.205452
4.624000 -0.047842 0.037757 0.269245 0.276056
4.632000 -0.148287 -0.019071 0.190635 0.242269
4.640000 -0.171842 -0.008967 0.047916 0.178622
4.648000 -0.139234 -0.032947 0.088779 0.168385
4.656000 -0.133771 -0.095278 0.219718 0.274315
4.664000 -0.133864 -0.087969 0.241942 0.290162
4.672000 -0.112742 -0.050622 0.194078 0.230086
4.680000 -0.066013 -0.037784 0.189196 0.203913
4.688000 -0.053069 -0.035778 0.194099 0.204379
4.696000 -0.086562 -0.041559 0.124011 0.156840
4.704000 -0.081082 -0.056940 0.112627 0.150004
4.712000 -0.044159 -0.085725 0.221141 0.241251
4.720000 -0.013846 -0.103660 0.265181 0.285058
4.728000 0.003459 -0.075345 0.190728 0.205100
4.736000 0.041734 -0.009981 0.055085 0.069826
4.744000 0.134613 0.019418 -0.029953 0.139265
4.752000 0.204640 0.007731 0.078955 0.219480
4.760000 0.234859 0.036380 0.328318 0.405308
4.768000 0.304919 0.106538 0.465205 0.566341
4.776000 0.369226 0.146009 0.357165 0.534053
4.784000 0.321883 0.106944 0.143991 0.368482
4.792000 0.203165 0.049805 0.017715 0.209929
4.800000 0.087724 0.066121 0.084885 0.138827
4.808000 0.033485 0.099789 0.239641 0.261738
4.816000 0.044245 0.070815 0.252758 0.266194
4.824000 0.009716 -0.002444 0.176280 0.176564
4.832000 -0.046529 -0.055224 0.182445 0.196216
4.840000 -0.064483 -0.038365 0.166392 0.182527
4.848000 -0.068610 -0.020739 0.103426 0.125835
4.856000 -0.038991 -0.047402 0.111494 0.127272
4.864000 -0.062892 -0.087433 0.263550 0.284708
4.872000 -0.171801 -0.140067 0.424351 0.478757
4.880000 -0.252945 -0.181279 0.256069 0.403006
4.888000 -0.308806 -0.187735 -0.076811 0.369466
4.896000 -0.297080 -0.182272 -0.071414 0.355780
4.904000 -0.179346 -0.202600 0.262148 0.376740
4.912000 -0.060878 -0.198747 0.382890 0.435673
4.920000 0.064869 -0.139887 0.190129 0.244797
4.928000 0.193547 -0.123335 0.154820 0.276841
4.936000 0.204338 -0.168216 0.424532 0.500278
4.944000 0.195575 -0.187337 0.608039 0.665625
4.952000 0.250639 -0.152492 0.480497 0.562984
4.960000 0.272793 -0.107068 0.346324 0.453674
4.968000 0.268846 -0.062050 0.303748 0.410355
4.976000 0.234685 -0.041052 0.215058 0.320955
4.984000 0.145989 -0.102866 0.109981 0.209738
4.992000 0.061973 -0.212376 0.042526 0.225284
5.000000 0.009468 -0.245833 0.109653 0.269346
5.008000 -0.013143 -0.175997 0.322843 0.367934
5.016000 0.032417 -0.114756 0.371944 0.390592
5.024000 0.109757 -0.115059 0.123032 0.201052
5.032000 0.103069 -0.156672 -0.038306 0.191407
5.040000 -0.047358 -0.199064 0.031107 0.206971
5.048000 -0.244573 -0.166644 0.057933 0.301567
5.056000 -0.304451 -0.089241 0.045980 0.320575
5.064000 -0.190973 -0.051032 0.098079 0.220668
5.072000 -0.052789 -0.079753 0.173551 0.198159
5.080000 -0.070979 -0.178826 0.187486 0.268641
5.088000 -0.218068 -0.255837 0.098727 0.350362
5.096000 -0.263641 -0.214440 0.053493 0.344025
5.104000 -0.201364 -0.101874 0.127989 0.259436
5.112000 -0.170591 -0.006138 0.147645 0.225695
5.120000 -0.104090 0.054503 0.011942 0.118102
5.128000 0.019810 0.097450 0.008762 0.099829
5.136000 0.109662 0.153323 0.217160 0.287562
5.144000 0.142186 0.209822 0.296608 0.390152
5.152000 0.120462 0.214857 0.167181 0.297698
5.160000 0.110361 0.206359 0.134027 0.269679
5.168000 0.183295 0.246286 0.233817 0.385907
5.176000 0.234747 0.271353 0.248124 0.436239
5.184000 0.203940 0.230680 0.206671 0.370834
5.192000 0.170855 0.134705 0.125291 0.251067
5.200000 0.144645 0.023890 0.023782 0.148521
5.208000 0.081336 -0.018615 0.067106 0.107076
5.216000 -0.030443 -0.039326 0.178980 0.185761
5.224000 -0.107850 -0.089179 0.160887 0.213235
5.232000 -0.096504 -0.116955 0.102635 0.183100
5.240000 -0.029106 -0.096728 0.090812 0.135832
5.248000 0.025256 -0.081595 0.113637 0.142158
5.256000 -0.022344 -0.134780 0.169150 0.217432
5.264000 -0.139614 -0.219746 0.144886 0.297947
5.272000 -0.236530 -0.279900 0.116706 0.384591
5.280000 -0.301892 -0.287798 0.216633 0.469996
5.288000 -0.351583 -0.251790 0.230537 0.490058
5.296000 -0.359053 -0.179118 0.056945 0.405272
5.304000 -0.260006 -0.063820 -0.008175 0.267849
5.312000 -0.058699 0.031716 0.145417 0.159992
5.320000 0.099013 0.023742 0.252293 0.272064
5.328000 0.105511 -0.039168 0.195772 0.225817
5.336000 0.073896 -0.007662 0.116273 0.137981
5.344000 0.088682 0.089679 0.092121 0.156183
5.352000 0.075853 0.106555 0.084031 0.155463
5.360000 0.022003 0.063605 0.136968 0.152610
5.368000 0.002289 0.048746 0.236342 0.241327
5.376000 0.085806 0.074401 0.269440 0.292398
5.384000 0.230193 0.107996 0.257194 0.361664
5.392000 0.299000 0.096905 0.233978 0.391838
5.400000 0.237278 0.022453 0.189588 0.304546
5.408000 0.112673 -0.058045 0.167181 0.209795
5.416000 -0.005289 -0.126999 0.181714 0.221758
5.424000 -0.137063 -0.223022 0.151298 0.302351
5.432000 -0.287786 -0.277470 0.079098 0.407513
5.440000 -0.340067 -0.233752 0.033159 0.413987
5.448000 -0.229243 -0.155927 0.008455 0.277375
5.456000 -0.127158 -0.115054 0.007842 0.171663
5.464000 -0.151199 -0.115346 0.012261 0.190568
5.472000 -0.188919 -0.136232 -0.018820 0.233675
5.480000 -0.197376 -0.145091 0.015714 0.245470
5.488000 -0.202284 -0.091165 0.181445 0.286622
5.496000 -0.178333 0.012046 0.353191 0.395843
5.504000 -0.122137 0.082156 0.414875 0.440214
5.512000 -0.065591 0.045448 0.327322 0.336909
5.520000 -0.059360 -0.023653 0.155645 0.168251
5.528000 -0.117281 -0.020037 0.077386 0.141933
5.536000 -0.142449 0.020441 0.150121 0.207956
5.544000 -0.087141 0.051624 0.203792 0.227574
5.552000 0.018808 0.094203 0.187330 0.210525
5.560000 0.148527 0.137703 0.181957 0.272270
5.568000 0.213572 0.140955 0.198526 0.323873
5.576000 0.249642 0.145767 0.218445 0.362336
5.584000 0.340416 0.153509 0.149358 0.402189
5.592000 0.372651 0.108372 0.037491 0.389896
5.600000 0.251457 0.030236 0.081573 0.266081
5.608000 0.063462 -0.049149 0.288194 0.299164
5.616000 -0.046719 -0.077597 0.439519 0.448755
5.624000 -0.035540 -0.050052 0.318258 0.324124
5.632000 -0.000211 -0.058968 0.008932 0.059641
5.640000 0.001285 -0.114677 -0.142835 0.183178
5.648000 -0.043855 -0.170153 0.007198 0.175861
5.656000 -0.145492 -0.200775 0.260872 0.359907
5.664000 -0.231614 -0.180115 0.321379 0.435168
5.672000 -0.281588 -0.147835 0.231571 0.393411
5.680000 -0.307305 -0.138106 0.164389 0.374878
5.688000 -0.278093 -0.115300 0.047348 0.304749
5.696000 -0.204914 -0.081986 -0.022413 0.221842
5.704000 -0.125361 -0.069839 0.098986 0.174330
5.712000 -0.056744 -0.057013 0.271966 0.283612
5.720000 -0.000573 -0.030190 0.240882 0.242767
5.728000 0.040146 0.014336 0.106753 0.114950
5.736000 0.086079 0.096989 0.147135 0.196125
5.744000 0.171710 0.178223 0.194242 0.314608
5.752000 0.261161 0.204012 0.170804 0.372827
5.760000 0.259344 0.175578 0.297003 0.431622
5.768000 0.228381 0.157736 0.404581 0.490637
5.776000 0.273088 0.188816 0.280054 0.434349
5.784000 0.300877 0.197309 0.084342 0.369556
5.792000 0.226879 0.121081 0.018665 0.257843
5.800000 0.092850 0.021544 0.116658 0.150647
5.808000 -0.028151 -0.023332 0.281975 0.284336
5.816000 -0.073175 -0.015184 0.376540 0.383885
5.824000 -0.018800 -0.026862 0.256712 0.258797
5.832000 0.046448 -0.095279 0.051602 0.117891
5.840000 0.045968 -0.153374 -0.033263 0.163533
5.848000 -0.005518 -0.168999 0.032197 0.172127
5.856000 -0.107596 -0.183209 0.207590 0.297046
5.864000 -0.231655 -0.222705 0.312320 0.448113
5.872000 -0.320838 -0.240433 0.222263 0.458416
5.880000 -0.360718 -0.194537 0.043306 0.412114
5.888000 -0.345875 -0.110983 -0.036139 0.365038
5.896000 -0.259565 -0.060631 0.063937 0.274113
5.904000 -0.116597 -0.049482 0.193319 0.231118
5.912000 0.021057 0.002271 0.223451 0.224452
5.920000 0.074483 0.072834 0.201628 0.226950
5.928000 0.044255 0.102583 0.160978 0.195949
5.936000 -0.001270 0.097282 0.142332 0.172406
5.944000 -0.054268 0.099684 0.159002 0.195355
5.952000 -0.102007 0.154829 0.195541 0.269469
5.960000 -0.057241 0.227795 0.261230 0.351295
5.968000 0.048609 0.274379 0.263495 0.383505
5.976000 0.126278 0.289992 0.213476 0.381593
5.984000 0.188810 0.255988 0.157202 0.354812
5.992000 0.193772 0.182605 0.124148 0.293777
6.000000 0.087855 0.101098 0.213394 0.251945
6.008000 -0.041751 0.056971 0.293844 0.302214
6.016000 -0.073438 0.071875 0.257428 0.277179
6.024000 -0.043558 0.075462 0.157986 0.180420
6.032000 -0.031268 0.001344 0.046812 0.056310
6.040000 -0.039925 -0.112449 0.025559 0.122033
6.048000 -0.101489 -0.186398 0.204420 0.294672
6.056000 -0.173052 -0.206852 0.332654 0.428245
6.064000 -0.226078 -0.187078 0.127367 0.319893
6.072000 -0.278393 -0.164613 -0.092803 0.336471
6.080000 -0.236755 -0.152619 -0.116122 0.304680
6.088000 -0.140882 -0.104339 -0.074626 0.190535
6.096000 -0.123419 -0.060594 0.076506 0.157344
6.104000 -0.145462 -0.054909 0.291927 0.330750
6.112000 -0.121405 -0.029125 0.330867 0.353639
6.120000 -0.014918 0.017833 0.158663 0.160357
6.128000 0.074874 0.063373 -0.004220 0.098184
6.136000 0.063525 0.129788 -0.003341 0.144539
6.144000 0.102302 0.206393 0.188635 0.297737
6.152000 0.240441 0.243514 0.491596 0.598981
6.160000 0.325103 0.209243 0.599248 0.713143
6.168000 0.290226 0.135143 0.419038 0.527340
6.176000 0.207873 0.089474 0.278383 0.358767
6.184000 0.156566 0.045934 0.251859 0.300093
6.192000 0.142312 -0.014878 0.107774 0.179135
6.200000 0.107382 -0.026657 -0.008007 0.110931
6.208000 0.062864 0.000165 0.159480 0.171423
6.216000 0.077578 0.009961 0.302391 0.312343
6.224000 0.075232 -0.018870 0.179026 0.195106
6.232000 0.012553 -0.093171 0.045774 0.104565
6.240000 -0.042926 -0.150938 0.029477 0.159668
6.248000 -0.096330 -0.120162 0.097859 0.182468
6.256000 -0.147587 -0.081782 0.182781 0.248755
6.264000 -0.189157 -0.117562 0.137317 0.261643
6.272000 -0.238507 -0.183527 0.030503 0.302487
6.280000 -0.288135 -0.225332 -0.019030 0.366276
6.288000 -0.339146 -0.178778 -0.009470 0.383499
6.296000 -0.346706 -0.049351 0.059905 0.355288
6.304000 -0.279006 0.065407 0.151826 0.324305
6.312000 -0.166076 0.145661 0.218402 0.310641
6.320000 0.004384 0.166230 0.194646 0.256005
6.328000 0.135589 0.114308 0.172203 0.247194
6.336000 0.126005 0.095372 0.224271 0.274355
6.344000 0.092814 0.113715 0.249879 0.289802
6.352000 0.101187 0.116947 0.274306 0.314896
6.360000 0.114903 0.116604 0.345393 0.382225
6.368000 0.145324 0.102005 0.301168 0.349609
6.376000 0.189427 0.064016 0.130583 0.238815
6.384000 0.224804 0.037224 0.104451 0.250664
6.392000 0.224608 0.048545 0.181215 0.292650
6.400000 0.182742 0.064494 0.138200 0.238020
6.408000 0.131870 0.106525 0.061320 0.180271
6.416000 0.091498 0.176780 0.110312 0.227578
6.424000 0.051737 0.176381 0.207213 0.276992
6.432000 0.021745 0.122575 0.221736 0.254292
6.440000 0.017892 0.062277 0.190288 0.201018
6.448000 -0.020342 0.018420 0.261919 0.263353
6.456000 -0.125312 0.021053 0.350882 0.373182
6.464000 -0.269337 0.003776 0.198647 0.334690
6.472000 -0.393679 -0.036858 -0.065095 0.400724
6.480000 -0.390979 -0.089198 -0.160053 0.431784
6.488000 -0.325544 -0.120056 -0.073463 0.354667
6.496000 -0.297833 -0.080687 0.099634 0.324256
6.504000 -0.276525 -0.051756 0.225834 0.360757
6.512000 -0.221786 -0.023292 0.255564 0.339182
6.520000 -0.121840 0.059444 0.223633 0.261515
6.528000 -0.041944 0.129857 0.145398 0.199406
6.536000 0.011223 0.123642 0.138505 0.186002
6.544000 0.059870 0.084781 0.285161 0.303462
6.552000 0.104268 0.080077 0.400821 0.421831
6.560000 0.160869 0.081858 0.226761 0.289827
6.568000 0.151054 0.056539 -0.014956 0.161980
6.576000 0.095836 0.047174 -0.011546 0.107440
6.584000 0.146498 0.088772 0.105752 0.201309
6.592000 0.277004 0.110664 0.188453 0.352834
6.600000 0.334394 0.052218 0.257850 0.425480
6.608000 0.264621 -0.006021 0.336678 0.428267
6.616000 0.151863 -0.006710 0.325755 0.359477
6.624000 0.107843 -0.000954 0.122639 0.163314
6.632000 0.068554 -0.046998 -0.064425 0.105162
6.640000 -0.090459 -0.153150 -0.002551 0.177889
6.648000 -0.213053 -0.239541 0.156352 0.356675
6.656000 -0.226474 -0.264231 0.134058 0.372934
6.664000 -0.281177 -0.253589 -0.110253 0.394365
6.672000 -0.239508 -0.202918 -0.225849 0.386714
6.680000 -0.080948 -0.108306 -0.129962 0.187544
6.688000 -0.005399 0.006722 0.015575 0.017802
6.696000 0.023251 0.071374 0.228673 0.240679
6.704000 0.006240 0.079475 0.314955 0.324887
6.712000 -0.051613 0.075338 0.229084 0.246615
6.720000 -0.051307 0.078616 0.266428 0.282483
6.728000 0.016674 0.131919 0.402010 0.423430
6.736000 0.101387 0.202371 0.284853 0.363833
6.744000 0.168027 0.226901 0.008488 0.282470
6.752000 0.242564 0.197250 -0.005477 0.312689
6.760000 0.299976 0.170007 0.223870 0.411104
6.768000 0.286894 0.217389 0.354994 0.505556
6.776000 0.241366 0.270666 0.372795 0.520090
6.784000 0.230448 0.266505 0.474954 0.591365
6.792000 0.240841 0.223790 0.457422 0.563313
6.800000 0.210199 0.178430 0.190194 0.334955
6.808000 0.134659 0.143374 -0.036195 0.199998
6.816000 0.067350 0.066499 -0.025491 0.098020
6.824000 -0.008831 -0.010918 0.080638 0.081852
6.832000 -0.090355 -0.034782 0.082983 0.127515
6.840000 -0.102557 -0.065106 0.113793 0.166450
6.848000 -0.098666 -0.095864 0.241462 0.277900
6.856000 -0.135612 -0.104846 0.343438 0.383840
6.864000 -0.176031 -0.134102 0.269300 0.348558
6.872000 -0.171934 -0.144393 0.026813 0.226119
6.880000 -0.144214 -0.129507 -0.095195 0.215944
6.888000 -0.179863 -0.130728 -0.035441 0.225159
6.896000 -0.260524 -0.156348 0.047591 0.307543
6.904000 -0.284695 -0.172684 0.126152 0.356069
6.912000 -0.173618 -0.124255 0.152046 0.262108
6.920000 -0.002292 -0.047221 0.159427 0.166288
6.928000 0.070469 0.022097 0.259191 0.269507
6.936000 0.112713 0.074297 0.350761 0.375843
6.944000 0.192528 0.131185 0.316004 0.392600
6.952000 0.211750 0.212052 0.260368 0.396983
6.960000 0.204651 0.281128 0.233164 0.418665
6.968000 0.187724 0.321521 0.100168 0.385551
6.976000 0.109089 0.314075 -0.003802 0.332502
6.984000 0.044283 0.264503 0.069001 0.276918
6.992000 0.024358 0.203080 0.209956 0.293115
7.000000 0.022830 0.147438 0.353830 0.383998
7.008000 0.021865 0.117045 0.407494 0.424534
7.016000 0.021109 0.115778 0.260314 0.285681
7.024000 0.026712 0.104228 0.080569 0.134419
7.032000 0.005287 0.049454 0.032158 0.059226
7.040000 -0.056958 -0.031763 0.033152 0.073159
7.048000 -0.138310 -0.144191 0.114492 0.230281
7.056000 -0.218075 -0.254833 0.255114 0.421403
7.064000 -0.285533 -0.275156 0.260773 0.474597
7.072000 -0.273458 -0.214355 0.129487 0.370802
7.080000 -0.162242 -0.168692 0.049267 0.239179
7.088000 -0.052219 -0.171377 0.135325 0.224521
7.096000 -0.021524 -0.187281 0.276037 0.334266
7.104000 -0.064648 -0.177155 0.279964 0.337555
7.112000 -0.099098 -0.122669 0.150610 0.218063
7.120000 -0.098837 -0.079224 0.017419 0.127861
7.128000 -0.085410 -0.030376 0.009124 0.091109
7.136000 -0.026837 0.060078 0.105050 0.123956
7.144000 0.029962 0.128237 0.203869 0.242704
7.152000 0.101484 0.188005 0.294266 0.363645
7.160000 0.217253 0.229619 0.280925 0.422898
7.168000 0.240571 0.212571 0.104861 0.337723
7.176000 0.184795 0.140563 -0.014856 0.232654
7.184000 0.124542 0.028279 0.113652 0.170959
7.192000 0.054479 -0.027477 0.275294 0.281974
7.200000 0.049785 -0.010810 0.277035 0.281681
7.208000 0.083128 0.003448 0.232352 0.246798
7.216000 0.034744 0.013807 0.175253 0.179197
7.224000 -0.028151 0.016197 0.050245 0.059828
7.232000 -0.015046 -0.033693 -0.056035 0.067093
7.240000 -0.022614 -0.115480 -0.008376 0.117971
7.248000 -0.108244 -0.162703 0.133124 0.236455
7.256000 -0.176676 -0.161003 0.201531 0.312652
7.264000 -0.161348 -0.146482 0.188798 0.288331
7.272000 -0.119401 -0.171760 0.173472 0.271755
7.280000 -0.140311 -0.222181 0.094162 0.279138
7.288000 -0.251517 -0.234533 -0.024262 0.344754
7.296000 -0.352364 -0.177732 -0.009044 0.394754
7.304000 -0.316622 -0.064844 0.079246 0.332768
7.312000 -0.189460 0.055760 0.079773 0.212997
7.320000 -0.049830 0.138421 0.068252 0.162178
7.328000 0.084760 0.173522 0.160906 0.251366
7.336000 0.158720 0.184951 0.273320 0.366200
7.344000 0.158748 0.172217 0.283084 0.367418
7.352000 0.115369 0.154528 0.197280 0.275877
7.360000 0.043864 0.145292 0.135390 0.203383
7.368000 0.033882 0.124231 0.070867 0.146981
7.376000 0.101216 0.118492 0.013894 0.156455
7.384000 0.145155 0.127565 0.090843 0.213531
7.392000 0.167864 0.107353 0.203410 0.284743
7.400000 0.193399 0.052132 0.293279 0.355152
7.408000 0.185425 -0.005563 0.367338 0.411523
7.416000 0.162906 -0.050789 0.296750 0.342314
7.424000 0.107680 -0.096058 0.140367 0.201308
7.432000 -0.007176 -0.125592 0.076800 0.147387
7.440000 -0.075914 -0.108766 0.086685 0.158452
7.448000 -0.071098 -0.056172 0.121521 0.151584
7.456000 -0.080251 -0.052422 0.137626 0.167718
7.464000 -0.121086 -0.129185 0.161315 0.239527
7.472000 -0.158550 -0.182378 0.217470 0.325105
7.480000 -0.171387 -0.146040 0.213614 0.310374
7.488000 -0.173246 -0.046764 0.207805 0.274562
7.496000 -0.162622 0.029318 0.256656 0.305250
7.504000 -0.135354 0.016285 0.218472 0.257519
7.512000 -0.133198 -0.016659 0.092132 0.162812
7.520000 -0.148438 -0.026303 0.041508 0.156361
7.528000 -0.150815 -0.045651 0.153125 0.219719
7.536000 -0.125264 -0.023904 0.339110 0.362295
7.544000 -0.077975 0.062737 0.392327 0.404890
7.552000 0.008423 0.120811 0.247558 0.275592
7.560000 0.121866 0.087850 0.088728 0.174475
7.568000 0.171956 0.036186 0.077694 0.192132
7.576000 0.144523 0.049663 0.108592 0.187471
7.584000 0.135493 0.102542 0.074584 0.185569
7.592000 0.219966 0.119069 0.104422 0.271047
7.600000 0.266696 0.049719 0.236258 0.359745
7.608000 0.157015 -0.037811 0.299218 0.340021
7.616000 0.039012 -0.048055 0.293792 0.300241
7.624000 0.039230 -0.032648 0.288505 0.292985
7.632000 0.045831 -0.046307 0.237590 0.246361
7.640000 -0.032501 -0.068947 0.159204 0.176510
7.648000 -0.140462 -0.092825 0.106970 0.199471
7.656000 -0.165453 -0.089397 0.117350 0.221670
7.664000 -0.113540 -0.070688 0.157239 0.206427
7.672000 -0.120148 -0.077695 0.162163 0.216261
7.680000 -0.153524 -0.091057 0.166624 0.244181
7.688000 -0.154238 -0.081450 0.131399 0.218379
7.696000 -0.174170 -0.046693 0.088074 0.200680
7.704000 -0.180678 -0.032896 0.112876 0.215563
7.712000 -0.168552 -0.026225 0.087364 0.191651
7.720000 -0.146244 0.002842 0.048603 0.154135
7.728000 -0.072506 -0.020489 0.096141 0.122148
7.736000 -0.026850 -0.050668 0.166116 0.175734
7.744000 -0.072348 -0.047494 0.358548 0.368845
7.752000 -0.081707 -0.060543 0.429557 0.441430
7.760000 0.128554 -0.050735 0.274062 0.306937
7.768000 0.394485 -0.009653 0.513539 0.647637
7.776000 0.355545 0.035315 0.824867 0.898924
7.784000 0.105757 0.118336 0.628104 0.647844
7.792000 0.033108 0.270619 0.269741 0.383525
7.800000 0.191665 0.393663 -0.124629 0.455235
7.808000 0.292461 0.369383 -0.540772 0.717225
7.816000 0.178034 0.213829 -0.514552 0.584963
7.824000 -0.002852 0.042423 -0.001685 0.042552
7.832000 -0.062439 -0.018161 0.397891 0.403170
7.840000 -0.014977 -0.013197 0.416639 0.417117
7.848000 -0.015682 -0.055224 0.281683 0.287473
7.856000 -0.116156 -0.086951 0.185520 0.235522
7.864000 -0.178569 -0.086651 0.103463 0.223830
7.872000 -0.127104 -0.104308 0.093602 0.189200
7.880000 -0.081452 -0.155178 0.264469 0.317268
7.888000 -0.134468 -0.219699 0.354035 0.437824
7.896000 -0.214714 -0.198619 0.122494 0.317106
7.904000 -0.207769 -0.088885 -0.156843 0.275079
7.912000 -0.075621 0.022403 -0.095496 0.123854
7.920000 0.079863 0.096430 0.197593 0.233922
7.928000 0.141068 0.121987 0.346369 0.393386
7.936000 0.142919 0.122760 0.350868 0.398252
7.944000 0.142975 0.122784 0.351004 0.398399
7.952000 0.142977 0.122784 0.351008 0.398403
7.960000 0.142977 0.122784 0.351008 0.398403
7.968000 0.142977 0.122784 0.351008 0.398403
7.976000 0.142977 0.122784 0.351008 0.398403
7.984000 0.142977 0.122784 0.351008 0.398403
7.992000 0.142977 0.122784 0.351008 0.398403
