Time	Fxf	Fyf	Fzf	Ftf	aux	Fx	Fy	Fz	Ft
0.000000	0.214724	-0.227752	0.205019	0.374179	4.800488	0.215457	-0.228173	0.206048	0.375421
0.008000	0.217667	-0.228276	0.207415	0.377504	4.800488	0.017090	-0.174767	0.053457	0.183557
0.016000	0.209876	-0.227595	0.203567	0.370523	4.800031	-0.127871	-0.197655	0.221307	0.323102
0.024000	0.224322	-0.228213	0.208420	0.381890	4.799878	-0.131685	-0.231988	0.137382	0.300055
0.032000	0.203185	-0.228151	0.204297	0.367525	4.799878	-0.326238	-0.247247	0.351008	0.539230
0.040000	0.226738	-0.226826	0.203967	0.380083	4.799573	-0.265202	-0.155693	0.076346	0.316861
0.048000	0.212689	-0.230643	0.214858	0.380259	4.799420	-0.291905	-0.113731	0.038198	0.315598
0.056000	0.194580	-0.223283	0.185505	0.349470	4.799115	-0.234684	0.015971	0.030569	0.237205
0.064000	0.278711	-0.234420	0.240408	0.436381	4.798963	-0.013428	-0.033621	-0.106762	0.112734
0.072000	0.089635	-0.221400	0.159457	0.287191	4.798810	-0.070649	-0.155693	0.053457	0.179135
0.080000	-0.122582	-0.073413	-0.111150	0.181025	4.798505	-0.108797	-0.075583	-0.160169	0.207855
0.088000	-0.165922	0.019443	0.009453	0.167324	4.798963	-0.169833	0.023601	0.038198	0.175668
0.096000	-0.167285	-0.054105	0.177207	0.249628	4.798352	-0.173648	-0.056509	0.167900	0.248067
0.104000	-0.111773	-0.046267	0.127911	0.176054	4.798047	-0.097353	-0.048880	0.129753	0.169418
0.112000	-0.089976	0.020008	0.231753	0.249411	4.798047	-0.108797	0.027415	0.221307	0.248123
0.120000	-0.078587	0.059492	0.159328	0.187352	4.797742	-0.059205	0.050304	0.190789	0.206000
0.128000	-0.069812	0.089778	0.003185	0.113772	4.797589	-0.085908	0.096081	-0.053356	0.139494
0.136000	-0.045387	-0.004527	-0.085573	0.096970	4.797589	-0.036316	-0.003103	-0.007579	0.037228
0.144000	0.011704	0.048732	-0.123586	0.133362	4.797132	0.013275	0.038860	-0.213575	0.217487
0.152000	0.195974	0.259551	-0.019178	0.325792	4.796979	0.181125	0.271560	0.068716	0.333576
0.160000	0.322293	0.223555	-0.005561	0.392276	4.796979	0.348974	0.218153	-0.076244	0.418553
0.168000	0.236648	0.139918	0.178492	0.327778	4.796826	0.204013	0.134229	0.221307	0.329568
0.176000	0.148805	0.174814	0.341883	0.411810	4.796673	0.181125	0.191450	0.328120	0.420858
0.184000	0.176963	0.292792	0.221471	0.407545	4.796368	0.150607	0.267745	0.213677	0.374203
0.192000	0.376266	0.339712	0.065126	0.511099	4.796216	0.390936	0.366929	0.083975	0.542697
0.200000	0.366246	0.108476	-0.065415	0.387533	4.796063	0.364233	0.088451	-0.083874	0.384089
0.208000	0.036215	-0.017633	0.000788	0.040287	4.796063	0.032349	-0.010732	0.007680	0.034938
0.216000	-0.110823	-0.000372	0.117686	0.161653	4.796216	-0.108797	0.004527	0.129753	0.169390
0.224000	-0.167878	-0.053228	0.149019	0.230701	4.795758	-0.166018	-0.064139	0.114494	0.211624
0.232000	-0.277786	-0.062987	0.117180	0.307999	4.795758	-0.280461	-0.052694	0.175530	0.335031
0.240000	-0.282908	-0.113157	0.118782	0.327033	4.795758	-0.284276	-0.117545	0.038198	0.309982
0.248000	-0.312224	-0.110233	-0.041573	0.333711	4.795147	-0.303349	-0.113731	0.053457	0.328349
0.256000	-0.272109	-0.020132	-0.281383	0.391950	4.795453	-0.288090	-0.010732	-0.373795	0.472053
0.264000	-0.134524	-0.018128	-0.008023	0.135977	4.795147	-0.116426	-0.029806	0.061087	0.134815
0.272000	-0.133404	-0.018500	0.164637	0.212708	4.794842	-0.146944	-0.006917	0.129753	0.196154
0.280000	-0.091097	0.022985	0.117136	0.150159	4.794995	-0.085908	0.012156	0.122123	0.149807
0.288000	0.003418	0.032851	0.278550	0.280501	-0.001221	0.005646	0.042674	0.289972	0.293150
0.296000	0.007513	-0.009970	0.205644	0.206022	-0.002747	0.001831	-0.018362	0.190789	0.191679
0.304000	0.001027	-0.052250	0.237324	0.243010	0.001526	0.005646	-0.045065	0.251825	0.255888
0.312000	-0.036722	-0.053331	0.562955	0.566667	-0.001984	-0.036316	-0.060324	0.541746	0.546303
0.320000	0.001614	-0.045233	0.422526	0.424944	-0.000916	-0.005798	-0.037435	0.457822	0.459386
0.328000	0.035270	-0.031978	-0.021767	0.052349	-0.003357	0.047608	-0.041250	-0.068615	0.093146
0.336000	-0.028878	0.004634	-0.119978	0.123492	0.005188	-0.040131	0.015971	-0.068615	0.081078
0.344000	0.092789	0.068191	0.022255	0.117282	-0.001984	0.097200	0.054119	-0.030467	0.115347
0.352000	0.242929	0.060576	0.115139	0.275574	-0.001831	0.245975	0.077007	0.167900	0.307611
0.360000	0.161535	0.001513	0.179620	0.241577	-0.001678	0.154421	-0.014547	0.129753	0.202221
0.368000	0.046371	0.004327	0.315332	0.318753	-0.003510	0.055238	0.015971	0.358638	0.363218
0.376000	0.042313	0.015870	0.370871	0.373614	-0.001221	0.032349	0.012156	0.335749	0.337523
0.384000	0.147793	0.083097	0.186407	0.251983	-0.001984	0.158236	0.077007	0.213677	0.276815
0.392000	0.272557	0.123356	-0.050762	0.303448	-0.001678	0.261234	0.138043	-0.068615	0.303327
0.400000	0.282432	0.065363	-0.149921	0.326368	-0.002289	0.295567	0.046489	-0.144910	0.332446
0.408000	0.210938	0.025153	-0.079958	0.226982	0.005646	0.196384	0.042674	-0.068615	0.212357
0.416000	0.098135	-0.116873	0.153826	0.216684	-0.002136	0.112459	-0.128990	0.122123	0.210236
0.424000	-0.104257	-0.242586	0.108563	0.285488	-0.001831	-0.116426	-0.235803	0.160271	0.307969
0.432000	-0.252261	-0.154741	-0.069194	0.303922	-0.002441	-0.242313	-0.159508	-0.129651	0.317754
0.440000	-0.213593	-0.053780	0.215064	0.307843	-0.003815	-0.223239	-0.048880	0.267084	0.351509
0.448000	-0.145539	-0.070338	0.263735	0.309331	-0.001831	-0.135500	-0.075583	0.228936	0.276559
0.456000	-0.164203	-0.112431	-0.001132	0.199008	-0.001221	-0.173648	-0.106101	0.022939	0.204786
0.464000	-0.189634	-0.123725	-0.002618	0.226441	-0.002441	-0.181277	-0.132804	-0.030467	0.226774
0.472000	-0.117064	-0.100860	-0.029233	0.157262	-0.002289	-0.124056	-0.087027	0.015310	0.152309
0.480000	-0.001958	0.009637	0.113042	0.113469	0.005341	0.001831	-0.010732	0.045828	0.047103
0.488000	0.007678	0.005594	0.092442	0.092929	-0.001221	0.009461	0.031230	0.175530	0.178537
0.496000	-0.084956	-0.191522	-0.235446	0.315171	-0.001984	-0.093538	-0.216729	-0.312759	0.391841
0.504000	-0.224027	-0.156859	-0.023103	0.274457	-0.000610	-0.207980	-0.136619	0.022939	0.249894
0.512000	-0.163583	0.123971	0.048214	0.210838	-0.003510	-0.185092	0.107525	0.045828	0.218908
0.520000	0.168383	0.298061	-0.035471	0.344168	0.000916	0.188754	0.313522	-0.068615	0.372333
0.528000	0.362348	0.332708	0.327040	0.590716	-0.001984	0.348974	0.317337	0.373897	0.601901
0.536000	0.355312	0.369805	0.428734	0.668442	-0.001831	0.360418	0.386002	0.389156	0.656004
0.544000	0.357540	0.462173	0.277542	0.646891	-0.002136	0.360418	0.443224	0.297602	0.644139
0.552000	0.450973	0.425038	0.237305	0.663587	0.004578	0.440528	0.447038	0.244195	0.673453
0.560000	0.422523	0.273989	0.367959	0.623690	-0.001831	0.436713	0.252486	0.328120	0.601773
0.568000	0.088509	0.259166	0.218292	0.350217	-0.002441	0.078126	0.275374	0.289972	0.407454
0.576000	-0.012912	0.276546	-0.124241	0.303447	-0.001984	-0.009613	0.267745	-0.213575	0.342628
0.584000	0.221314	0.144572	0.058297	0.270702	-0.000763	0.219272	0.145673	0.145012	0.300548
0.592000	0.150770	-0.041759	0.209255	0.261272	-0.000610	0.158236	-0.033621	0.137382	0.212233
0.600000	-0.070479	-0.034233	-0.001914	0.078377	-0.002289	-0.082094	-0.052694	0.053457	0.111237
0.608000	0.067648	0.070490	-0.204107	0.226285	-0.001373	0.078126	0.096081	-0.244093	0.273709
0.616000	0.326809	-0.002582	0.054585	0.331346	-0.002289	0.318456	-0.029806	0.083976	0.330688
0.624000	0.337087	-0.161748	0.900685	0.975204	0.004578	0.345159	-0.136619	0.869815	0.945716
0.632000	0.018712	-0.347886	1.281334	1.327853	-0.001831	0.009461	-0.369319	1.319956	1.370683
0.640000	-0.326717	-0.449204	1.232653	1.352021	-0.001221	-0.310979	-0.430355	1.197884	1.310282
0.648000	-0.311080	-0.360602	0.859986	0.983047	-0.003357	-0.341497	-0.380763	0.862186	1.002479
0.656000	-0.418515	-0.415502	0.350201	0.685885	0.001526	-0.372015	-0.392208	0.427303	0.689065
0.664000	-0.682222	-0.545970	0.240209	0.906206	-0.001678	-0.734417	-0.567686	0.022939	0.928527
0.672000	-0.596808	-0.241976	-1.102602	1.276896	-0.001678	-0.555123	-0.228173	-0.694235	0.917707
0.680000	-0.302296	0.107790	-0.669836	0.742753	-0.002136	-0.318608	0.099896	-1.258818	1.302350
0.688000	0.138003	-0.070605	1.684001	1.691120	-0.001831	0.116274	-0.060324	2.349940	2.353588
0.696000	0.015042	-0.179586	1.188126	1.201715	0.001068	0.078126	-0.193840	0.587523	0.623588
0.704000	-0.414039	0.071122	0.222534	0.475403	-0.000763	-0.501717	0.080822	0.656189	0.829961
0.712000	-0.075039	0.220616	-0.213731	0.316201	-0.002136	0.009461	0.225783	-0.434831	0.490046
0.720000	0.157541	0.437847	-0.107142	0.477503	-0.001678	0.093385	0.412706	-0.099133	0.434596
0.728000	0.011306	0.573398	0.352932	0.673405	0.003052	0.055238	0.614888	0.511228	0.801556
0.736000	0.147034	0.398031	0.042545	0.426448	-0.001373	0.116274	0.351670	-0.198316	0.420143
0.744000	0.323589	0.308998	0.537947	0.699697	-0.001984	0.345159	0.347855	0.770631	0.913242
0.752000	0.342714	0.162125	0.359087	0.522189	-0.002136	0.329900	0.138043	0.198418	0.408974
0.760000	0.351824	0.021774	-0.012387	0.352714	-0.003357	0.356603	0.031230	0.061087	0.363143
0.768000	0.367256	0.074239	0.592038	0.700641	-0.001221	0.368048	0.073192	0.579894	0.690719
0.776000	0.249859	-0.021248	0.487015	0.547782	-0.001221	0.245975	-0.022176	0.473081	0.533667
0.784000	0.018488	-0.122959	0.254188	0.282970	-0.001984	0.024720	-0.121360	0.274713	0.301342
0.792000	-0.029829	-0.039517	0.224588	0.229981	-0.001373	-0.036316	-0.045065	0.198418	0.206687
0.800000	0.010502	-0.094853	0.110099	0.145703	0.003662	0.009461	-0.083213	0.152641	0.174107
0.808000	-0.053455	-0.213859	0.159336	0.271994	-0.001678	-0.032502	-0.228173	0.083976	0.245298
0.816000	-0.130398	-0.169206	-0.099416	0.235622	-0.002594	-0.185092	-0.159508	0.022939	0.245414
0.824000	-0.283276	-0.100483	0.061194	0.306736	-0.001526	-0.181277	-0.098472	-0.106762	0.232285
0.832000	-0.062509	0.343949	0.741220	0.819522	-0.004273	-0.219425	0.328781	0.930851	1.011300
0.840000	0.137214	1.038567	0.781600	1.307038	-0.001373	0.341344	1.057399	0.602782	1.264103
0.848000	0.045668	1.102178	1.108833	1.564094	-0.001984	-0.181277	1.091732	1.258920	1.676192
0.856000	0.283024	0.786532	1.790822	1.976304	-0.002441	0.501564	0.786552	1.663284	1.907025
0.864000	0.395650	0.669866	1.595845	1.775382	-0.002594	0.211643	0.675924	1.716691	1.857066
0.872000	0.636139	0.695805	1.201951	1.527581	0.005646	0.772412	0.687368	1.083441	1.497645
0.880000	0.925389	0.654598	1.181588	1.637374	-0.002747	0.833448	0.660665	1.289438	1.671456
0.888000	0.977930	0.556934	1.253034	1.684226	0.000000	1.043259	0.561481	1.167366	1.663248
0.896000	1.386560	0.692106	1.360247	2.061997	-0.002899	1.325551	0.668294	1.411510	2.048430
0.904000	1.730088	0.748714	1.204515	2.237104	-0.002289	1.802396	0.794181	1.197884	2.305272
0.912000	2.027395	0.663942	1.424460	2.565197	-0.001984	1.939727	0.603443	1.388622	2.460682
0.920000	2.196270	0.586979	1.950715	2.995569	-0.001678	2.290684	0.649220	2.006612	3.113714
0.928000	1.794699	0.225126	1.458737	2.323691	-0.001984	1.710842	0.176191	1.411510	2.224946
0.936000	1.490992	0.045942	0.894532	1.739355	-0.002594	1.550622	0.073192	0.923222	1.806135
0.944000	1.353749	0.078104	1.277261	1.862829	0.004730	1.321736	0.069378	1.258920	1.826658
0.952000	1.161079	0.048744	1.892426	2.220756	-0.002289	1.169146	0.050304	1.907429	2.237793
0.960000	1.109763	0.214776	2.356140	2.613254	-0.001831	1.119554	0.206709	2.342311	2.604333
0.968000	1.232079	0.224851	2.309172	2.626947	-0.002136	1.211109	0.248671	2.319422	2.628372
0.976000	1.277110	0.083121	1.780742	2.192934	-0.001373	1.298848	0.042674	1.785356	2.208240
0.984000	0.907619	-0.039269	1.617567	1.855218	-0.001831	0.898299	0.012156	1.586989	1.823629
0.992000	0.565389	0.039388	1.901865	1.984516	-0.001221	0.554971	-0.010732	1.960835	2.037887
1.000000	0.487484	0.120004	1.921075	1.985591	-0.002441	0.516823	0.145673	1.831133	1.908239
1.008000	0.571340	0.304101	1.261667	1.417995	-0.001984	0.528267	0.340225	1.388622	1.524169
1.016000	0.408120	0.397591	0.490719	0.751961	0.003815	0.451972	0.244856	0.328120	0.609833
1.024000	-0.096011	-0.406604	-0.177863	0.454071	-0.001068	-0.116426	-0.071768	0.007680	0.136985
1.032000	-0.394031	0.540223	0.591686	0.892857	-0.002136	-0.425422	-0.014547	0.419674	0.597764
1.040000	-0.794863	1.560309	4.196553	4.547244	-0.001984	-0.688640	2.297195	4.295466	4.919589
1.048000	0.007182	0.166710	7.402829	7.404709	-0.000305	-0.173648	-0.647796	7.408306	7.438601
1.056000	2.046129	-0.794660	9.635582	9.882437	-0.001984	2.263981	-0.014547	9.552199	9.816839
1.064000	3.219122	-0.725298	13.657265	14.050256	-0.002441	3.015488	-1.376415	13.771318	14.164635
1.072000	4.489668	2.072771	18.505228	19.154554	-0.001221	4.648203	2.529895	18.387173	19.133590
1.080000	6.803653	5.787342	22.136104	23.870277	-0.003357	6.700541	5.520663	22.240075	23.874587
1.088000	9.551464	6.954706	23.273269	26.100641	0.005493	9.592126	7.084713	23.201394	26.086524
1.096000	11.420750	7.190551	22.827219	26.518285	-0.002136	11.438468	7.149564	22.873324	26.554544
1.104000	12.170359	7.128806	21.575378	25.776626	-0.001373	12.121309	7.111416	21.522901	25.704740
1.112000	12.964205	6.487231	18.511417	23.512280	-0.002289	13.010147	6.539203	18.608428	23.628345
1.120000	13.326884	5.504384	15.149813	20.914610	0.003052	13.307698	5.440553	14.992040	20.771511
1.128000	12.288363	4.851470	12.428095	18.138306	-0.001984	12.262455	4.910302	12.634521	18.278676
1.136000	9.897338	4.846442	9.398640	14.483775	-0.002136	9.992676	4.799675	9.163094	14.382376
1.144000	7.985950	4.596389	6.144443	11.075034	-0.001373	7.810636	4.620381	6.393581	11.100983
1.152000	6.567850	3.671307	3.523355	8.308380	-0.003204	6.799726	3.689581	3.280740	8.403126
1.160000	4.178488	2.906037	3.016660	5.916507	0.000916	3.931029	2.831261	3.234963	5.825291
1.168000	1.626091	2.065795	4.167428	4.927387	-0.001678	1.855802	2.194196	3.967397	4.898850
1.176000	0.960182	1.295329	5.498981	5.730499	-0.001373	0.787671	1.137509	5.699296	5.864838
1.184000	2.484457	0.087493	7.654607	8.048179	-0.002289	2.534829	0.221968	7.446454	7.869199
1.192000	1.904828	-3.769145	10.590881	11.401824	0.003815	2.016022	-3.817858	10.795809	11.627118
1.200000	0.320230	-7.332700	13.350742	15.235267	-0.002594	0.093385	-7.384655	13.168587	15.098130
1.208000	2.202247	-8.347746	15.873102	18.069038	-0.001221	2.450904	-8.235345	16.014394	18.173845
1.216000	4.871490	-8.899352	17.002974	19.799772	-0.003052	4.663462	-9.024999	16.907047	19.724268
1.224000	6.671103	-8.625681	15.958239	19.327994	-0.002594	6.818799	-8.513822	16.022024	19.382632
1.232000	7.997449	-7.159992	14.009510	17.649109	-0.001984	7.909819	-7.251138	13.969685	17.615231
1.240000	8.254510	-5.420752	12.070159	15.595199	-0.001984	8.291295	-5.351390	12.085196	15.602400
1.248000	7.702258	-3.967842	10.100145	13.307196	-0.001984	7.707637	-4.016225	10.109153	13.331643
1.256000	6.836510	-3.155934	8.170252	11.110842	-0.001984	6.799725	-3.123573	8.140739	11.057333
1.264000	5.858799	-2.659346	6.176363	8.918806	0.003967	5.910887	-2.677246	6.218102	8.987271
1.272000	4.414219	-1.997728	3.887679	6.212109	-0.000153	4.362097	-1.994405	3.845325	6.147525
1.280000	2.896981	-1.147878	1.878107	3.638325	-0.002289	2.943007	-1.139900	1.915058	3.691627
1.288000	1.624928	-0.380152	0.665050	1.796440	-0.001221	1.581140	-0.396022	0.633300	1.748687
1.296000	0.432458	0.075418	0.028666	0.439920	-0.004425	0.482490	0.096081	0.053457	0.494860
1.304000	-0.078445	0.173917	-0.177383	0.260511	-0.001068	-0.139315	0.153302	-0.190687	0.281552
1.312000	-0.009368	0.132594	0.140212	0.193206	-0.002441	0.055238	0.149488	0.137382	0.210408
1.320000	0.018987	0.145154	0.343030	0.372961	-0.001678	-0.036316	0.134229	0.358638	0.384652
1.328000	0.217353	0.280252	-0.053296	0.358642	-0.002441	0.253605	0.283004	-0.068615	0.386154
1.336000	0.307909	0.407328	-0.077019	0.516388	0.004578	0.291753	0.412706	-0.068615	0.510052
1.344000	0.171822	0.397199	0.497919	0.659707	-0.001526	0.177310	0.386002	0.488340	0.647234
1.352000	0.299707	0.317968	0.508341	0.670327	-0.001984	0.291753	0.332596	0.526487	0.687698
1.360000	0.357557	0.282839	0.148108	0.479354	-0.001984	0.375677	0.267745	0.129753	0.479225
1.368000	0.194383	0.291321	0.205005	0.405807	-0.001831	0.165866	0.302078	0.206048	0.401520
1.376000	0.076157	0.143843	0.026484	0.164900	-0.001221	0.112459	0.141858	0.053457	0.188755
1.384000	0.012787	0.033905	-0.209682	0.212790	-0.001831	-0.028687	0.027415	-0.259352	0.262370
1.392000	0.041424	0.105762	0.112025	0.159534	-0.001373	0.085756	0.115155	0.167900	0.220919
1.400000	0.082633	0.064254	0.285644	0.304219	-0.003052	0.036164	0.057933	0.236566	0.246226
1.408000	-0.016317	-0.041937	0.099135	0.108870	0.004578	0.032349	-0.041250	0.137382	0.147044
1.416000	-0.102446	-0.107018	0.009718	0.148467	-0.002289	-0.150759	-0.102286	-0.015208	0.182817
1.424000	-0.048314	-0.162276	0.009809	0.169600	-0.002136	-0.005798	-0.170952	0.015310	0.171734
1.432000	-0.031259	-0.155067	-0.286424	0.327203	-0.002289	-0.063020	-0.144249	-0.266982	0.309933
1.440000	-0.066097	-0.143630	-0.319699	0.356660	0.000000	-0.047761	-0.155693	-0.358536	0.393789
1.448000	-0.203054	-0.195604	0.243234	0.372364	-0.002594	-0.207980	-0.182396	0.282343	0.395274
1.456000	-0.277062	-0.207391	0.335079	0.481718	-0.000610	-0.280461	-0.220544	0.312861	0.474531
1.464000	-0.091641	-0.154172	0.103264	0.206955	-0.002289	-0.089723	-0.144249	0.106864	0.200693
1.472000	-0.066461	-0.197853	0.153876	0.259308	-0.001373	-0.059205	-0.201470	0.160271	0.264163
1.480000	-0.205836	-0.267052	0.213228	0.398938	0.003662	-0.223239	-0.270136	0.206048	0.406528
1.488000	-0.232904	-0.172126	0.167956	0.334785	-0.001068	-0.207980	-0.163322	0.167900	0.313242
1.496000	-0.155718	0.042187	0.045402	0.167598	-0.002899	-0.185092	0.027415	0.061087	0.196831
1.504000	-0.084572	0.042733	0.076022	0.121482	-0.001221	-0.055390	0.061748	0.038198	0.091324
1.512000	-0.184601	-0.109980	0.190558	0.287203	0.001373	-0.207980	-0.125175	0.251825	0.349772
1.520000	-0.181889	0.060166	0.257032	0.320576	-0.002594	-0.166018	0.061748	0.175530	0.249370
1.528000	0.089880	0.271670	0.180284	0.338209	-0.001526	0.078126	0.286819	0.274713	0.404767
1.536000	0.247392	0.344532	-0.102728	0.436415	-0.002136	0.257420	0.317337	-0.198316	0.454199
1.544000	0.183936	0.462028	0.026414	0.497996	-0.002747	0.177310	0.492816	0.114494	0.536111
1.552000	0.137854	0.378580	0.585267	0.710538	0.001678	0.139162	0.351670	0.503599	0.629801
1.560000	0.131576	0.216595	0.694459	0.739256	-0.002136	0.135348	0.237227	0.770631	0.817599
1.568000	0.081939	0.150670	0.366743	0.404865	-0.001831	0.074311	0.134229	0.305231	0.341622
1.576000	0.033102	0.099169	0.345812	0.361270	-0.001831	0.043793	0.115155	0.381526	0.400925
1.584000	0.034240	0.111722	0.245903	0.272255	0.002747	0.020905	0.092266	0.236566	0.254781
1.592000	0.112037	0.070893	-0.162471	0.209702	-0.001831	0.127718	0.096081	-0.167798	0.231732
1.600000	0.124554	-0.052670	-0.045878	0.142803	-0.001984	0.104829	-0.083213	-0.038097	0.139158
1.608000	-0.078938	-0.140621	0.322657	0.360712	-0.002441	-0.051575	-0.106101	0.312861	0.334364
1.616000	-0.123726	-0.137947	0.165608	0.248522	-0.003052	-0.158389	-0.174767	0.183159	0.298626
1.624000	0.059085	-0.107603	-0.030158	0.126408	-0.001068	0.093385	-0.071768	-0.053356	0.129299
1.632000	0.037780	-0.084087	0.096995	0.133814	-0.002136	0.013275	-0.113731	0.114494	0.161925
1.640000	-0.012221	-0.027874	0.016422	0.034583	-0.000916	-0.001984	-0.010732	0.015310	0.018802
1.648000	-0.034715	-0.068845	-0.029008	0.082378	-0.002899	-0.032502	-0.067954	-0.045726	0.088119
1.656000	-0.187599	-0.039939	0.353114	0.401843	0.004425	-0.196536	-0.060324	0.381526	0.433391
1.664000	-0.222327	-0.022358	0.435593	0.489561	-0.002136	-0.211795	0.012156	0.396785	0.449937
1.672000	-0.208302	-0.194456	-0.133151	0.314534	-0.001526	-0.219425	-0.231988	-0.076244	0.328297
1.680000	-0.298186	-0.174156	-0.312780	0.465914	-0.002136	-0.284276	-0.144249	-0.389054	0.502975
1.688000	-0.289014	-0.118530	0.147223	0.345331	-0.003052	-0.307164	-0.136619	0.228936	0.406726
1.696000	-0.205664	-0.171991	0.202145	0.335770	-0.002136	-0.185092	-0.163322	0.129753	0.278871
1.704000	-0.188792	-0.109592	0.053188	0.224682	-0.001831	-0.207980	-0.113731	0.114494	0.263248
1.712000	-0.184009	0.030966	0.105012	0.214117	-0.001831	-0.169833	0.035045	0.045828	0.179364
1.720000	-0.069499	0.218520	-0.075054	0.241277	-0.002594	-0.074464	0.210524	-0.007579	0.223433
1.728000	0.198637	0.254207	-0.149750	0.355672	0.005341	0.188754	0.267745	-0.228834	0.399601
1.736000	0.230432	0.169102	0.120219	0.310076	-0.001526	0.257420	0.153302	0.206048	0.363624
1.744000	0.153507	0.190836	0.270493	0.364896	-0.001678	0.116274	0.202894	0.183159	0.297040
1.752000	0.281084	0.160988	0.180054	0.370600	-0.002289	0.314641	0.157117	0.267084	0.441609
1.760000	0.152830	0.123923	0.303275	0.361510	-0.003357	0.135348	0.118970	0.221307	0.285393
1.768000	0.067730	0.195312	0.615197	0.649000	-0.001831	0.066682	0.206709	0.679077	0.712966
1.776000	0.317886	0.207042	0.277715	0.470153	-0.001526	0.329900	0.191450	0.244195	0.452900
1.784000	0.446599	0.152913	-0.235031	0.527326	-0.001984	0.432898	0.172376	-0.228834	0.519114
1.792000	0.363405	0.206763	0.030103	0.419190	-0.002136	0.371862	0.183820	0.038198	0.416570
1.800000	0.196406	0.252631	0.353662	0.476943	0.004730	0.200198	0.275374	0.335749	0.478161
1.808000	0.134904	0.097261	0.247958	0.298566	-0.001984	0.112459	0.080822	0.282343	0.314478
1.816000	-0.055626	0.020565	0.180173	0.189682	-0.001831	-0.013428	0.027415	0.122123	0.125881
1.824000	-0.219416	0.091407	0.091916	0.254847	-0.001526	-0.272831	0.092266	0.175530	0.337284
1.832000	-0.001072	0.059192	-0.031977	0.067286	-0.001678	0.047608	0.054119	-0.137280	0.155052
1.840000	-0.001324	-0.063600	-0.027726	0.069393	-0.000763	-0.032502	-0.056509	0.091605	0.112433
1.848000	-0.241394	-0.126129	-0.042440	0.275646	-0.001984	-0.230869	-0.132804	-0.167798	0.314792
1.856000	-0.334430	-0.047878	0.049458	0.341441	-0.001373	-0.326238	-0.045065	0.175530	0.373193
1.864000	-0.264097	-0.017078	0.240129	0.357353	-0.003052	-0.288090	-0.014547	0.114494	0.310349
1.872000	-0.120626	-0.017059	0.180797	0.218012	0.005646	-0.085908	-0.022176	0.305231	0.317865
1.880000	-0.088617	0.063803	0.055951	0.122696	-0.002594	-0.127871	0.065563	-0.060985	0.156104
1.888000	-0.155103	0.005114	0.153072	0.217977	-0.001373	-0.116426	0.012156	0.251825	0.277702
1.896000	-0.186694	0.009188	0.103344	0.213586	-0.002594	-0.219425	-0.006917	0.030569	0.221652
1.904000	-0.046073	0.161065	0.051642	0.175304	0.001526	-0.024872	0.180006	0.099235	0.207046
1.912000	0.051576	0.136386	0.244345	0.284545	-0.002136	0.043793	0.122784	0.213677	0.250303
1.920000	0.076087	0.119003	0.101821	0.174122	-0.002136	0.074311	0.122784	0.122123	0.188447
1.928000	0.143444	0.159396	-0.101441	0.237221	-0.002441	0.146792	0.164747	-0.106762	0.245127
1.936000	0.040253	0.182392	0.152501	0.241130	-0.003357	0.043793	0.172376	0.129753	0.220152
1.944000	0.012283	0.218176	0.268092	0.345868	0.003967	-0.001984	0.225783	0.328120	0.398302
1.952000	0.094401	0.097622	0.414645	0.436316	-0.002289	0.116274	0.099896	0.320490	0.355264
1.960000	0.066025	0.137420	0.523179	0.544940	-0.002136	0.043793	0.122784	0.633300	0.646578
1.968000	0.244056	0.334546	-0.324856	0.526323	-0.003510	0.261234	0.355484	-0.427202	0.614096
1.976000	0.484706	0.201837	-0.626127	0.817137	0.006256	0.471046	0.183820	-0.534015	0.735422
1.984000	0.375297	0.027557	0.617533	0.723156	-0.002136	0.390936	0.038860	0.511228	0.644744
1.992000	0.275929	0.007964	1.176321	1.208276	-0.003510	0.257420	0.000712	1.312327	1.337336
2.000000	0.344996	-0.068122	0.278245	0.448423	-0.003662	0.360418	-0.060324	0.122123	0.385298
2.008000	0.149074	-0.023056	-0.646597	0.663960	-0.005951	0.142977	-0.033621	-0.480608	0.502551
2.016000	-0.147641	0.183615	-0.608333	0.652366	-0.001221	-0.150759	0.195265	-0.778159	0.816326
2.024000	0.025777	0.236880	0.282911	0.369885	-0.002136	0.036164	0.225783	0.442563	0.498144
2.032000	0.361154	-0.002557	0.818741	0.894861	-0.004578	0.337530	0.008342	0.679077	0.758381
2.040000	-0.042342	-0.193751	0.081134	0.214277	-0.005035	0.001831	-0.201470	0.198418	0.282778
2.048000	-0.521983	0.002508	-0.588843	0.786898	0.038605	-0.578012	0.000712	-0.663717	0.880124
2.056000	-0.098278	0.103274	0.104939	0.177021	-0.002136	-0.051576	0.115155	0.099235	0.160525
2.064000	0.157981	-0.107550	0.251623	0.315974	-0.012055	0.131533	-0.121360	0.358638	0.400812
2.072000	-0.159832	-0.237596	-0.333910	0.439879	-0.002289	-0.146944	-0.231988	-0.526385	0.593711
2.080000	-0.270000	-0.435244	-0.280863	0.584142	-0.012970	-0.280461	-0.426541	-0.038097	0.511905
2.088000	-0.282729	-0.553492	0.255545	0.672006	-0.005798	-0.269017	-0.575316	0.000051	0.635105
2.096000	-0.248675	-0.452912	0.925995	1.060394	-0.008850	-0.265202	-0.426541	1.152107	1.256829
2.104000	-0.050966	-0.414543	0.352277	0.546390	-0.007019	-0.036316	-0.434170	0.190789	0.475629
2.112000	0.032916	-0.319222	-0.461086	0.561771	-0.012818	0.024720	-0.315913	-0.366166	0.484241
2.120000	0.042986	-0.314737	0.038421	0.319974	0.047761	0.043793	-0.296839	-0.015208	0.300437
2.128000	0.028372	-0.294676	0.478836	0.562959	-0.008698	0.032349	-0.331172	0.511228	0.609980
2.136000	-0.006498	-0.113371	0.246513	0.271411	-0.006561	-0.009613	-0.067953	0.228936	0.239002
2.144000	0.101872	-0.052322	0.028223	0.117949	-0.006104	0.097200	-0.094657	0.038198	0.140950
2.152000	0.122873	0.043428	0.280024	0.308865	-0.003357	0.139162	0.073192	0.267084	0.309931
2.160000	0.126328	0.101195	0.378932	0.412054	-0.007782	0.101015	0.088451	0.396785	0.418887
2.168000	0.254192	0.091657	-0.145762	0.307020	-0.006256	0.280308	0.088451	-0.160169	0.334739
2.176000	0.218045	0.097534	-0.434255	0.495614	-0.008240	0.200198	0.111340	-0.427202	0.484745
2.184000	0.168966	0.040172	0.027024	0.175766	-0.010224	0.173495	0.023601	0.022939	0.176589
2.192000	0.194899	0.088141	0.526286	0.568094	0.042878	0.204013	0.099896	0.526487	0.573401
2.200000	0.209050	0.110460	0.469507	0.525681	-0.011444	0.188754	0.107525	0.480710	0.527515
2.208000	0.177199	0.018003	0.171663	0.247369	-0.003510	0.204013	0.012156	0.145012	0.250594
2.216000	0.028702	-0.107104	0.040282	0.117973	-0.012055	0.001831	-0.094657	0.083976	0.126551
2.224000	-0.095480	-0.201794	0.162666	0.276220	0.012970	-0.074464	-0.216729	0.099235	0.249728
2.232000	-0.234335	-0.212742	0.200101	0.374450	-0.009613	-0.246128	-0.201470	0.282343	0.425308
2.240000	-0.344162	-0.257379	0.070812	0.435552	-0.003510	-0.341497	-0.258691	-0.022838	0.429025
2.248000	-0.288213	-0.185536	0.140420	0.370416	-0.012055	-0.284276	-0.197655	0.236566	0.419337
2.256000	-0.188085	-0.098989	0.261806	0.337220	-0.003662	-0.196536	-0.075583	0.167900	0.269313
2.264000	-0.173425	-0.147307	0.147020	0.270907	0.026856	-0.162203	-0.174767	0.236566	0.335882
2.272000	-0.201116	-0.140503	-0.071524	0.255548	-0.003967	-0.211795	-0.117545	-0.152539	0.286256
2.280000	-0.186985	-0.166914	-0.083450	0.264173	-0.008850	-0.181277	-0.178581	-0.015208	0.254920
2.288000	-0.222285	-0.088704	0.115631	0.265800	-0.006714	-0.219425	-0.090842	0.061087	0.245216
2.296000	-0.203576	0.091091	0.295113	0.369909	0.019989	-0.215610	0.103710	0.335749	0.412276
2.304000	-0.103883	0.082685	0.104902	0.169213	-0.003967	-0.085908	0.065563	0.076346	0.132316
2.312000	-0.082260	0.021158	-0.277913	0.290603	-0.010224	-0.101167	0.038860	-0.251723	0.274061
2.320000	-0.006821	0.036260	-0.087131	0.094621	-0.004883	0.009461	0.019786	-0.122021	0.123977
2.328000	0.083938	0.101335	0.247233	0.280069	-0.009918	0.070497	0.115155	0.289972	0.319866
2.336000	0.038944	0.148619	0.161425	0.222850	0.018158	0.051423	0.138043	0.122123	0.191349
2.344000	0.017688	0.141564	0.187378	0.235507	-0.006867	0.005646	0.149488	0.213677	0.260838
2.352000	0.110082	0.121341	0.384590	0.418032	-0.006714	0.120088	0.115155	0.373897	0.409244
2.360000	0.199114	0.079504	0.462265	0.509565	-0.010071	0.192569	0.084637	0.457822	0.503832
2.368000	0.201807	0.009045	0.302538	0.363782	0.035554	0.204013	0.004527	0.320490	0.379942
2.376000	0.120495	-0.019503	0.010991	0.122557	-0.007324	0.123903	-0.014547	-0.015208	0.125678
2.384000	0.128882	0.049898	0.009148	0.138506	-0.008850	0.120089	0.042674	0.038198	0.133047
2.392000	0.239136	0.097382	0.177392	0.313269	-0.006256	0.249790	0.107525	0.145012	0.308197
2.400000	0.220037	0.115009	0.174079	0.303228	-0.013275	0.211643	0.103710	0.213677	0.318130
2.408000	0.134481	0.072794	0.185635	0.240508	0.006714	0.139162	0.080822	0.137382	0.211594
2.416000	0.061060	-0.141849	0.167967	0.228172	-0.009613	0.059052	-0.140434	0.221307	0.268674
2.424000	-0.056757	-0.225456	-0.010166	0.232713	-0.002441	-0.055390	-0.239617	-0.060985	0.253385
2.432000	-0.155962	-0.209832	0.056629	0.267508	-0.013581	-0.158389	-0.186211	0.099235	0.263835
2.440000	-0.242588	-0.321068	0.310464	0.508253	0.036469	-0.238499	-0.346431	0.274713	0.502358
2.448000	-0.237997	-0.249073	0.219771	0.408631	-0.011139	-0.242313	-0.228173	0.251825	0.417366
2.456000	-0.067857	-0.044576	0.024801	0.084892	-0.002289	-0.066835	-0.060324	0.000051	0.090032
2.464000	0.020412	-0.049631	0.022859	0.058330	-0.010376	0.024720	-0.037435	0.030569	0.054286
2.472000	-0.054669	-0.140703	-0.147541	0.211079	-0.007935	-0.063020	-0.148063	-0.129651	0.206648
2.480000	-0.176002	-0.075267	-0.109855	0.220703	-0.009766	-0.166018	-0.075583	-0.152539	0.237788
2.488000	-0.245460	0.022901	0.333827	0.414988	-0.004273	-0.253758	0.031230	0.389156	0.465629
2.496000	-0.149495	0.056555	0.383665	0.415628	-0.011749	-0.146944	0.042674	0.328120	0.362045
2.504000	-0.014944	0.117952	0.152864	0.193658	-0.005951	-0.009613	0.134229	0.206048	0.246100
2.512000	0.007881	0.131831	0.077452	0.153103	0.044251	-0.005798	0.115155	0.022939	0.117560
2.520000	-0.089241	0.079213	0.039576	0.125718	-0.005493	-0.066835	0.096081	0.099235	0.153447
2.528000	-0.181845	0.075085	0.006813	0.196855	-0.007782	-0.211795	0.057933	-0.060985	0.227887
2.536000	-0.071881	0.129015	0.110859	0.184665	-0.006409	-0.036316	0.145673	0.190789	0.242775
2.544000	0.105072	0.210232	0.289984	0.373267	-0.010071	0.062867	0.195265	0.190789	0.280144
2.552000	0.136778	0.267757	0.277943	0.409456	-0.006256	0.188754	0.279189	0.404415	0.526428
2.560000	0.205585	0.216311	0.249348	0.388883	-0.007782	0.142977	0.210524	0.091605	0.270470
2.568000	0.407803	0.202551	0.171940	0.486717	-0.009155	0.478676	0.202894	0.358638	0.631599
2.576000	0.551601	0.349338	0.152133	0.670407	-0.009155	0.474861	0.351670	-0.053356	0.593305
2.584000	0.387686	0.408852	0.282230	0.630170	0.044556	0.467231	0.405076	0.488340	0.787951
2.592000	0.083456	0.230619	0.087712	0.260467	-0.006561	0.009461	0.237227	-0.099133	0.257281
2.600000	0.103946	0.055597	-0.041075	0.124832	-0.008850	0.162051	0.046489	0.114494	0.203790
2.608000	0.124401	0.041672	0.137121	0.189775	-0.005341	0.085756	0.050304	0.015310	0.100593
2.616000	-0.014761	0.029653	0.360666	0.362183	0.000763	0.009461	0.023601	0.450192	0.450909
2.624000	0.087716	0.019591	0.405625	0.415463	0.018463	0.070497	0.023601	0.343379	0.351334
2.632000	0.221296	0.062512	0.048099	0.234932	-0.012207	0.234531	0.057933	0.091605	0.258365
2.640000	0.158659	-0.010496	-0.071879	0.174498	-0.004425	0.150607	-0.003103	-0.099133	0.180331
2.648000	-0.055859	-0.164933	0.241678	0.297879	-0.014191	-0.055390	-0.174767	0.244195	0.305357
2.656000	-0.405319	-0.321867	0.085011	0.524508	0.052033	-0.394903	-0.312098	0.114494	0.516200
2.664000	-0.556026	-0.470306	-0.130131	0.739789	-0.011749	-0.578012	-0.476132	-0.183057	0.770915
2.672000	-0.480357	-0.436420	0.129810	0.661858	-0.006104	-0.452125	-0.437985	0.183159	0.655587
2.680000	-0.474974	-0.370071	0.106958	0.611550	-0.016632	-0.501717	-0.361690	0.076346	0.623192
2.688000	-0.384504	-0.419767	0.170819	0.594329	0.032807	-0.364385	-0.430355	0.167900	0.588365
2.696000	-0.225627	-0.396286	0.297603	0.544534	-0.012665	-0.238499	-0.388393	0.328120	0.561599
2.704000	-0.196406	-0.343836	-0.148447	0.422889	-0.007935	-0.188907	-0.346431	-0.190687	0.438248
2.712000	-0.166970	-0.252471	-0.273945	0.408248	-0.012360	-0.169833	-0.254877	-0.228834	0.382322
2.720000	-0.064030	-0.042419	0.077269	0.108949	-0.011902	-0.066835	-0.037435	0.022939	0.079966
2.728000	0.019113	0.147300	0.108630	0.184019	0.034333	0.028534	0.141858	0.183159	0.233421
2.736000	0.150466	0.213672	0.226747	0.345991	-0.006256	0.135348	0.218153	0.129753	0.287655
2.744000	0.369415	0.249304	0.425683	0.616300	-0.011597	0.387121	0.248671	0.534117	0.704969
2.752000	0.507425	0.351559	0.207874	0.651371	-0.012818	0.490120	0.344040	0.106864	0.608277
2.760000	0.478982	0.329662	0.074676	0.586240	0.044251	0.493935	0.347855	0.152641	0.623116
2.768000	0.238152	0.312878	0.032822	0.394572	-0.011139	0.226902	0.286819	-0.015208	0.366034
2.776000	0.041270	0.421352	0.086952	0.432205	-0.011597	0.051423	0.447038	0.106864	0.462502
2.784000	0.101842	0.311238	0.404922	0.520771	-0.011444	0.085756	0.294448	0.404415	0.507548
2.792000	0.107698	0.174974	0.453628	0.497988	-0.012360	0.135348	0.180006	0.442563	0.496571
2.800000	0.087270	0.172628	0.184984	0.267648	0.010376	0.047608	0.176191	0.206048	0.275255
2.808000	0.050464	0.167198	0.060663	0.184883	-0.002136	0.097200	0.160932	0.030569	0.190477
2.816000	-0.075834	0.174148	0.080851	0.206434	-0.015412	-0.120241	0.176191	0.114494	0.242095
2.824000	-0.064047	0.060877	-0.121274	0.150051	-0.007477	-0.032502	0.069378	-0.152539	0.170698
2.832000	-0.142496	-0.038522	-0.190696	0.241152	0.049287	-0.154574	-0.060324	-0.160169	0.230621
2.840000	-0.228071	-0.108562	0.267487	0.367901	-0.006409	-0.234684	-0.075583	0.228936	0.336454
2.848000	-0.179989	-0.209256	0.454384	0.531647	-0.012512	-0.162203	-0.247247	0.503599	0.583997
2.856000	-0.231102	-0.141766	0.111492	0.293148	-0.006867	-0.249943	-0.106101	0.061087	0.278317
2.864000	-0.174267	-0.103577	0.049736	0.208737	-0.017548	-0.162203	-0.132804	0.091605	0.228776
2.872000	-0.098150	-0.193944	0.178369	0.281182	-0.002441	-0.101167	-0.170952	0.145012	0.245943
2.880000	-0.166269	-0.217792	0.098550	0.291189	-0.011292	-0.169833	-0.235803	0.129753	0.318248
2.888000	-0.252290	-0.229296	0.208426	0.399585	-0.006104	-0.246128	-0.216729	0.175530	0.371969
2.896000	-0.404964	-0.227651	0.306470	0.556547	-0.012665	-0.410163	-0.231988	0.335749	0.578601
2.904000	-0.444317	-0.071947	0.149040	0.474137	0.056764	-0.440681	-0.079398	0.137382	0.468377
2.912000	-0.176992	0.068327	0.196382	0.273058	-0.011749	-0.181277	0.088451	0.175530	0.267387
2.920000	0.164446	0.190095	0.077467	0.263020	-0.005188	0.169680	0.160932	0.137382	0.271227
2.928000	0.376115	0.328822	-0.098817	0.509265	-0.012970	0.371862	0.359299	-0.190687	0.551125
2.936000	0.371452	0.244993	0.114500	0.459465	-0.010986	0.371862	0.221968	0.221307	0.486341
2.944000	0.199106	0.187890	0.265063	0.381056	-0.009003	0.207828	0.199079	0.160271	0.329411
2.952000	0.207190	0.219581	0.336575	0.452136	-0.009003	0.184939	0.218153	0.427303	0.514181
2.960000	0.254087	0.186019	0.185424	0.365438	-0.010681	0.287938	0.183820	0.114494	0.360287
2.968000	0.195465	0.287260	0.058448	0.352336	-0.010681	0.158236	0.286819	0.114494	0.347005
2.976000	0.318103	0.353916	0.284744	0.554550	0.054017	0.348974	0.359299	0.228936	0.550718
2.984000	0.428601	0.222930	0.243447	0.540983	-0.008850	0.410010	0.214338	0.312861	0.558508
2.992000	0.329556	0.104979	0.147893	0.376165	-0.004578	0.333715	0.115155	0.061087	0.358271
3.000000	0.021496	0.088609	0.177167	0.199253	-0.014191	0.032349	0.077007	0.274713	0.287131
3.008000	-0.250673	0.091275	0.080756	0.278729	-0.007477	-0.272831	0.103710	-0.015208	0.292274
3.016000	-0.203364	0.069742	0.116395	0.244476	-0.012055	-0.177462	0.057933	0.198418	0.272432
3.024000	-0.099762	0.033241	0.061076	0.121605	-0.004273	-0.124056	0.042674	0.000051	0.131191
3.032000	-0.046157	-0.013290	-0.086452	0.098899	-0.011292	-0.024872	-0.018362	-0.045726	0.055197
3.040000	-0.047139	-0.055101	0.092939	0.117881	-0.008087	-0.066835	-0.056509	0.068716	0.111275
3.048000	-0.183705	-0.157313	0.343880	0.420414	0.043030	-0.162203	-0.148063	0.351008	0.414053
3.056000	-0.247365	-0.223709	0.185971	0.381864	-0.004578	-0.272831	-0.239618	0.198418	0.413791
3.064000	-0.262454	-0.200762	-0.101681	0.345726	-0.012207	-0.234684	-0.182396	-0.129651	0.324275
3.072000	-0.350162	-0.239009	-0.080402	0.431513	-0.007782	-0.375830	-0.254877	-0.045726	0.456400
3.080000	-0.330732	-0.234834	0.148285	0.431879	0.014191	-0.310979	-0.224358	0.114494	0.400192
3.088000	-0.233192	-0.158250	0.341292	0.442608	-0.005646	-0.246128	-0.163322	0.366267	0.470537
3.096000	-0.169410	-0.080810	0.010652	0.187998	-0.010986	-0.162203	-0.079398	0.000051	0.180593
3.104000	-0.113401	-0.029056	-0.309510	0.330909	-0.004273	-0.116426	-0.029806	-0.305130	0.327944
3.112000	-0.071150	-0.094464	0.139657	0.183002	-0.014649	-0.070649	-0.090842	0.122123	0.167802
3.120000	-0.051803	-0.045714	0.332415	0.339519	0.036927	-0.051575	-0.052694	0.373897	0.381098
3.128000	-0.033826	0.136428	0.224660	0.265007	-0.008850	-0.032502	0.141858	0.167900	0.222195
3.136000	0.067800	0.142884	0.452156	0.479018	-0.007782	0.062867	0.145673	0.503599	0.528000
3.144000	0.161265	0.163384	0.393815	0.455841	-0.010376	0.169680	0.149488	0.366267	0.430453
3.152000	0.178999	0.260299	0.210283	0.379493	0.033265	0.169680	0.283004	0.206048	0.389022
3.160000	0.216091	0.248735	0.058430	0.334631	-0.011139	0.223087	0.221968	0.091605	0.327764
3.168000	0.240554	0.244587	-0.109360	0.360068	-0.007477	0.238346	0.271560	-0.160169	0.395231
3.176000	0.257477	0.221060	0.121725	0.360526	-0.007935	0.253605	0.195265	0.175530	0.365040
3.184000	0.198570	0.146721	0.277624	0.371527	-0.013733	0.207828	0.172376	0.228936	0.354002
3.192000	0.066414	0.149986	0.206265	0.263538	0.044709	0.055238	0.122784	0.251825	0.285557
3.200000	0.016172	0.147458	0.292753	0.328192	-0.010681	0.024720	0.176191	0.244195	0.302135
3.208000	0.000554	0.089917	0.341403	0.353046	-0.005341	-0.001984	0.061748	0.396785	0.401566
3.216000	0.025997	0.093706	0.094980	0.135933	-0.013275	0.020905	0.118970	0.030569	0.124600
3.224000	0.054594	0.102512	-0.148797	0.188758	0.048219	0.066682	0.080822	-0.068615	0.125246
3.232000	0.052318	0.039047	0.127731	0.143447	-0.012055	0.036164	0.057933	0.022939	0.072044
3.240000	0.009456	-0.039708	0.390192	0.392322	-0.004730	0.024720	-0.056509	0.518858	0.522511
3.248000	-0.157807	-0.083265	0.202231	0.269691	-0.012970	-0.166018	-0.067954	0.061087	0.189503
3.256000	-0.243138	-0.087477	0.101822	0.277734	-0.009918	-0.246128	-0.102286	0.244195	0.361487
3.264000	-0.214739	-0.053066	0.243619	0.329058	-0.000916	-0.200351	-0.037435	0.106864	0.230134
3.272000	-0.131533	0.011283	0.334106	0.359242	-0.005035	-0.154574	-0.006917	0.457822	0.483261
3.280000	-0.043348	-0.009607	0.276036	0.279584	-0.011597	-0.017243	0.012156	0.175530	0.176793
3.288000	-0.200279	-0.074642	0.230358	0.314242	-0.007172	-0.223239	-0.098472	0.297602	0.384837
3.296000	-0.405220	-0.052715	0.012664	0.408831	0.048524	-0.387274	-0.029806	-0.015208	0.388717
3.304000	-0.327576	-0.010106	-0.090693	0.340049	-0.004120	-0.341497	-0.029806	-0.099133	0.356841
3.312000	-0.139849	0.023553	-0.029850	0.144925	-0.010986	-0.131685	0.038860	0.000051	0.137299
3.320000	-0.087152	0.056900	-0.101092	0.145095	-0.008545	-0.085908	0.046489	-0.129651	0.162329
3.328000	0.005754	0.094251	0.306337	0.320560	-0.013581	-0.005798	0.099896	0.312861	0.328473
3.336000	0.189197	0.158552	0.491682	0.550168	-0.006104	0.207828	0.157117	0.511228	0.573788
3.344000	0.240647	0.212980	0.022439	0.322141	-0.012055	0.219272	0.210524	-0.007579	0.304069
3.352000	0.152433	0.185575	-0.082342	0.253878	-0.008087	0.173495	0.191450	-0.060985	0.265467
3.360000	0.057390	0.126285	0.018410	0.139930	-0.012055	0.039979	0.118970	0.015310	0.126437
3.368000	0.060663	0.154883	0.047103	0.172879	0.056153	0.070497	0.160932	0.030569	0.178335
3.376000	0.047788	0.183651	0.111410	0.220053	-0.005035	0.047608	0.180006	0.145012	0.236002
3.384000	0.051860	0.113604	0.288689	0.314542	-0.010224	0.043793	0.115155	0.244195	0.273514
3.392000	0.165232	0.068121	0.490357	0.521912	-0.008240	0.177310	0.069378	0.534117	0.567038
3.400000	0.185788	0.102630	0.319347	0.383448	-0.008087	0.173495	0.096081	0.289972	0.351306
3.408000	0.135160	0.040589	0.122195	0.186674	-0.005493	0.146792	0.054119	0.129753	0.203254
3.416000	0.086753	-0.071914	0.062902	0.129051	-0.012360	0.074311	-0.090842	0.076346	0.140011
3.424000	0.020138	-0.088544	0.043600	0.100729	-0.004273	0.036164	-0.067954	0.015310	0.078485
3.432000	-0.002100	-0.094801	0.255132	0.272184	-0.015869	-0.024872	-0.113731	0.289972	0.312470
3.440000	-0.124305	-0.060709	0.357337	0.383181	0.055848	-0.093538	-0.045065	0.320490	0.336889
3.448000	-0.214901	-0.005388	0.136069	0.254414	-0.010834	-0.249943	-0.018362	0.175530	0.305973
3.456000	-0.094176	-0.087198	-0.050028	0.137751	-0.006867	-0.063020	-0.075583	-0.091503	0.134377
3.464000	-0.096055	-0.192226	0.013370	0.215305	-0.012818	-0.116426	-0.201470	0.053457	0.238753
3.472000	-0.170411	-0.171068	0.211669	0.321104	0.015869	-0.162203	-0.167137	0.175530	0.291643
3.480000	-0.212219	-0.170111	0.419833	0.500234	-0.013428	-0.211795	-0.167137	0.450192	0.524848
3.488000	-0.308240	-0.185390	0.398639	0.536930	-0.004730	-0.310979	-0.193840	0.373897	0.523527
3.496000	-0.290682	-0.150607	0.038370	0.329622	-0.012360	-0.291905	-0.140434	0.061087	0.329639
3.504000	-0.307456	-0.159547	-0.184729	0.392567	-0.010224	-0.299535	-0.167137	-0.205946	0.400087
3.512000	-0.356057	-0.097123	-0.090137	0.379913	0.043488	-0.368200	-0.094657	-0.076244	0.387743
3.520000	-0.200181	0.014065	0.030203	0.202935	-0.005951	-0.188907	0.015971	0.030569	0.192029
3.528000	0.023919	0.061166	0.187207	0.198393	-0.012665	0.017090	0.057933	0.167900	0.178434
3.536000	0.154381	0.102587	0.205582	0.276806	-0.007935	0.154421	0.103710	0.244195	0.306974
3.544000	0.164139	0.084879	0.059985	0.194279	0.024720	0.173495	0.088451	0.007680	0.194893
3.552000	0.215902	0.070471	0.056416	0.234014	-0.009155	0.196384	0.061748	0.114494	0.235559
3.560000	0.337129	0.129580	0.217045	0.421373	-0.006561	0.364233	0.141858	0.160271	0.422464
3.568000	0.398557	0.156007	0.327283	0.538795	-0.011444	0.368048	0.141858	0.373897	0.543490
3.576000	0.312749	0.145556	0.193480	0.395516	-0.010071	0.341344	0.160932	0.167900	0.413044
3.584000	0.131141	0.131736	0.343715	0.390759	0.028840	0.112459	0.115155	0.343379	0.379232
3.592000	0.217716	0.086011	0.510174	0.561316	-0.007630	0.219272	0.103710	0.526487	0.579676
3.600000	0.367622	0.018943	0.064984	0.373801	-0.011749	0.383307	0.000712	0.053457	0.387017
3.608000	0.212696	-0.070245	-0.030871	0.226113	-0.006561	0.184939	-0.052694	-0.038097	0.196037
3.616000	-0.094356	-0.137345	0.244359	0.295767	0.039368	-0.059205	-0.151878	0.267084	0.312899
3.624000	-0.221203	-0.061600	0.193628	0.300362	-0.005493	-0.257572	-0.052694	0.167900	0.311947
3.632000	-0.003329	-0.010953	0.172127	0.172508	-0.011749	0.024720	-0.014547	0.190789	0.192933
3.640000	0.054233	-0.104356	0.168293	0.205314	-0.010071	0.039979	-0.102286	0.160271	0.194287
3.648000	-0.082557	-0.109819	0.024255	0.139514	-0.014954	-0.078279	-0.113731	0.022939	0.139959
3.656000	-0.063685	-0.115065	-0.046694	0.139557	0.011902	-0.066835	-0.109916	-0.038097	0.134163
3.664000	-0.186182	-0.218609	-0.007814	0.287254	-0.013428	-0.177462	-0.220544	-0.022838	0.283997
3.672000	-0.327310	-0.131339	0.101173	0.366903	-0.005188	-0.341497	-0.136619	0.122123	0.387555
3.680000	-0.207210	0.031119	0.293229	0.360400	-0.015259	-0.192721	0.042674	0.267084	0.332109
3.688000	-0.064152	0.082116	0.497042	0.507848	0.058442	-0.074464	0.069378	0.526487	0.536234
3.696000	0.035726	0.133868	0.451463	0.472246	-0.010681	0.039979	0.141858	0.419674	0.444801
3.704000	0.053838	0.053313	0.093436	0.120296	-0.006714	0.055238	0.054119	0.129753	0.151049
3.712000	-0.032144	-0.028598	-0.165051	0.170566	-0.014801	-0.036316	-0.037435	-0.205946	0.212448
3.720000	-0.093002	0.057657	0.003373	0.109476	-0.008850	-0.089723	0.069378	0.045828	0.122326
3.728000	-0.185106	0.105326	0.213727	0.301724	-0.011444	-0.185092	0.096081	0.167900	0.267733
3.736000	-0.201541	0.153191	0.126807	0.283137	-0.007477	-0.204166	0.157117	0.183159	0.316096
3.744000	0.030149	0.186505	0.177644	0.259326	-0.009918	0.032349	0.187635	0.106864	0.218342
3.752000	0.239645	0.111221	0.293665	0.395018	-0.012818	0.238346	0.107525	0.373897	0.456256
3.760000	0.216133	0.072808	0.230376	0.324172	0.063020	0.219272	0.077007	0.152641	0.278046
3.768000	0.153244	0.089121	0.235822	0.295023	-0.008087	0.146792	0.084637	0.297602	0.342459
3.776000	0.190825	0.105744	0.164971	0.273517	-0.009613	0.200198	0.111340	0.129753	0.263271
3.784000	0.269665	0.104256	0.209044	0.356774	-0.011292	0.257420	0.096081	0.213677	0.348072
3.792000	0.227887	0.045299	0.262243	0.350365	-0.008240	0.242161	0.057933	0.282343	0.376451
3.800000	0.094486	-0.007746	0.068966	0.117234	-0.014191	0.081941	-0.025991	0.038198	0.094069
3.808000	0.113556	-0.079809	0.177972	0.225695	-0.005493	0.120089	-0.056509	0.206048	0.245092
3.816000	0.120333	-0.122784	0.409967	0.444554	-0.013581	0.120089	-0.148063	0.389156	0.433343
3.824000	0.022413	-0.025468	0.419026	0.420397	-0.010834	0.020905	-0.003103	0.434933	0.435446
3.832000	0.042569	-0.005786	0.312870	0.315806	0.058747	0.039979	-0.022176	0.297602	0.301093
3.840000	-0.003692	-0.124660	0.109945	0.166257	-0.006867	0.005646	-0.113731	0.129753	0.172633
3.848000	-0.159683	-0.198442	0.111281	0.277959	-0.013581	-0.173648	-0.205285	0.083976	0.281686
3.856000	-0.290328	-0.231084	0.137689	0.395788	-0.006104	-0.276646	-0.228173	0.167900	0.395963
3.864000	-0.459478	-0.252856	-0.054551	0.527288	-0.000916	-0.467384	-0.251062	-0.076244	0.535997
3.872000	-0.519193	-0.194376	-0.017797	0.554671	-0.006409	-0.520790	-0.201470	-0.015208	0.558609
3.880000	-0.433426	-0.128776	0.094892	0.462002	-0.011292	-0.421607	-0.117545	0.114494	0.452413
3.888000	-0.221940	-0.146866	0.030905	0.267922	-0.007019	-0.242313	-0.159508	-0.007579	0.290200
3.896000	-0.048148	-0.095681	0.053481	0.119722	-0.015717	-0.024872	-0.083213	0.106864	0.137706
3.904000	-0.061884	0.025696	0.120470	0.137852	0.055238	-0.078279	0.012156	0.053457	0.095567
3.912000	0.058228	0.056306	0.049223	0.094782	-0.014191	0.059052	0.073192	0.129753	0.160250
3.920000	0.156448	0.108958	0.090333	0.210969	-0.006714	0.173495	0.088451	0.000051	0.194741
3.928000	0.195385	0.159134	0.336435	0.420343	-0.013733	0.165866	0.180006	0.427304	0.492445
3.936000	0.321851	0.062274	0.432855	0.542982	0.024109	0.352789	0.046489	0.351008	0.499828
3.944000	0.156824	-0.002119	0.330618	0.365933	-0.009461	0.135348	0.004527	0.396785	0.419259
3.952000	-0.018252	0.012301	0.083836	0.086677	-0.007935	-0.009613	0.015971	0.038198	0.042504
3.960000	0.055417	0.112617	0.103727	0.162828	-0.009155	0.055238	0.099896	0.129753	0.172818
3.968000	0.099308	0.220110	0.406636	0.472931	-0.011902	0.097200	0.237227	0.389156	0.466012
3.976000	0.150673	0.088514	0.328408	0.372006	0.052338	0.150607	0.073192	0.351008	0.388904
3.984000	0.188225	-0.048562	0.200838	0.279505	-0.010834	0.192569	-0.037435	0.167900	0.258214
3.992000	0.174413	-0.028329	0.190721	0.259994	-0.006104	0.165866	-0.037435	0.228936	0.285175
4.000000	0.161995	0.009308	0.085814	0.183557	-0.014496	0.173495	0.019786	0.053457	0.182619
4.008000	0.151764	0.095385	0.221205	0.284714	0.041199	0.139162	0.080822	0.236566	0.286115
4.016000	0.192232	0.115164	0.359839	0.423910	-0.011749	0.204013	0.134229	0.366267	0.440216
4.024000	0.297290	-0.016081	0.331162	0.445318	-0.007324	0.287938	-0.037435	0.305231	0.421279
4.032000	0.303352	-0.214514	0.296012	0.475038	-0.013275	0.307012	-0.193840	0.335749	0.494528
4.040000	-0.000778	-0.432763	0.214572	0.483038	-0.008087	0.005646	-0.449429	0.167900	0.479801
4.048000	-0.347669	-0.475309	0.121522	0.601299	0.014801	-0.364385	-0.464688	0.167900	0.613924
4.056000	-0.467557	-0.276314	0.046243	0.545066	-0.005341	-0.444495	-0.281580	0.007680	0.526234
4.064000	-0.370496	-0.083066	0.053028	0.383379	-0.011749	-0.394904	-0.083213	0.076346	0.410733
4.072000	-0.105181	-0.071295	-0.095055	0.158686	-0.009003	-0.085908	-0.064139	-0.099133	0.146018
4.080000	-0.000331	-0.077305	-0.119643	0.142445	0.047913	-0.009613	-0.090842	-0.129651	0.158600
4.088000	-0.043791	-0.038125	0.219570	0.227117	-0.004425	-0.043946	-0.022176	0.228936	0.234168
4.096000	-0.045737	-0.058856	0.201143	0.214509	-0.014496	-0.040131	-0.071768	0.206048	0.221849
4.104000	-0.034084	-0.004897	0.127220	0.131797	-0.006104	-0.040131	0.000712	0.106864	0.114153
4.112000	0.034909	0.036540	0.356366	0.359931	-0.016938	0.036164	0.038860	0.381526	0.385202
4.120000	0.006480	-0.015019	0.247520	0.248060	-0.001221	0.013275	-0.022176	0.228936	0.230391
4.128000	-0.049385	0.000485	0.104128	0.115246	-0.010834	-0.063020	0.008342	0.114494	0.130957
4.136000	0.020448	0.033112	0.352266	0.354409	-0.008087	0.036164	0.027415	0.343379	0.346365
4.144000	0.075614	0.067039	0.325341	0.340674	-0.012360	0.062867	0.069378	0.335749	0.348559
4.152000	0.144300	0.095424	-0.018579	0.173992	0.061799	0.150607	0.096081	-0.022838	0.180098
4.160000	0.179927	0.090416	0.064964	0.211587	-0.010376	0.181125	0.088451	0.053457	0.208537
4.168000	0.165268	0.079947	0.270416	0.326848	-0.010224	0.158236	0.080822	0.297602	0.346609
4.176000	0.186770	0.088979	0.247255	0.322390	-0.008392	0.196384	0.092266	0.213677	0.304528
4.184000	0.174955	0.183123	0.329565	0.415639	-0.013733	0.165866	0.172376	0.358638	0.431099
4.192000	0.185574	0.214059	0.300517	0.413000	-0.008850	0.192569	0.233412	0.282343	0.413862
4.200000	0.236009	0.167332	0.145019	0.323621	-0.009613	0.230716	0.141858	0.152641	0.310891
4.208000	0.195895	0.138056	0.077952	0.252014	-0.009461	0.200198	0.164747	0.076346	0.270277
4.216000	0.088402	0.015946	0.052050	0.103819	-0.015106	0.085756	-0.006917	0.053457	0.101290
4.224000	0.032345	-0.159760	0.189587	0.250025	0.065766	0.032349	-0.144249	0.183159	0.235375
4.232000	-0.060849	-0.325291	0.375719	0.500681	-0.012512	-0.059205	-0.331172	0.389156	0.514414
4.240000	-0.253729	-0.346247	0.379137	0.572722	-0.005798	-0.253758	-0.350245	0.358638	0.561859
4.248000	-0.295885	-0.212189	0.110136	0.380398	-0.012970	-0.299535	-0.201470	0.137382	0.386245
4.256000	-0.186694	-0.187543	-0.138727	0.298784	-0.001068	-0.181277	-0.201470	-0.167798	0.318760
4.264000	-0.169640	-0.316362	0.015824	0.359323	-0.012665	-0.173648	-0.300654	0.038198	0.349292
4.272000	-0.262054	-0.407185	0.074433	0.489911	-0.004425	-0.261387	-0.422726	0.061087	0.500751
4.280000	-0.338809	-0.294194	-0.118749	0.464159	-0.014801	-0.333867	-0.281580	-0.106762	0.449614
4.288000	-0.222112	-0.142092	0.042780	0.267122	-0.008392	-0.234684	-0.151878	0.022939	0.280481
4.296000	-0.122648	-0.127330	0.170999	0.245959	0.052644	-0.104982	-0.117545	0.198418	0.253393
4.304000	-0.155230	-0.128402	-0.074427	0.214762	-0.006256	-0.169833	-0.140434	-0.099133	0.241645
4.312000	-0.023383	-0.173793	-0.095961	0.199898	-0.012512	-0.021057	-0.159508	-0.083874	0.181441
4.320000	-0.004400	-0.229818	0.148748	0.273792	-0.008698	0.009461	-0.243432	0.152641	0.287486
4.328000	-0.098481	-0.145012	0.378911	0.417493	0.012512	-0.124056	-0.136619	0.358638	0.403331
4.336000	0.008244	-0.060084	0.331973	0.337467	-0.005493	0.036164	-0.060324	0.366267	0.372959
4.344000	0.111320	0.023655	-0.005291	0.113928	-0.009308	0.089570	0.015971	-0.045726	0.101827
4.352000	0.261926	0.099188	-0.054936	0.285415	-0.009766	0.272679	0.111340	-0.015208	0.294926
4.360000	0.345615	0.057559	0.222340	0.414967	-0.010986	0.345159	0.046489	0.183159	0.393501
4.368000	0.196752	0.067768	0.454726	0.500079	0.041657	0.192569	0.073192	0.495969	0.537052
4.376000	0.075202	0.090779	0.518691	0.531918	-0.007782	0.078126	0.092266	0.473081	0.488285
4.384000	0.052853	0.068332	0.344216	0.354891	-0.008698	0.055238	0.061748	0.396785	0.405343
4.392000	0.187365	0.110321	0.128164	0.252393	-0.012207	0.177310	0.118970	0.068716	0.224309
4.400000	0.340379	0.101230	0.073738	0.362688	0.031739	0.356603	0.092266	0.137382	0.393132
4.408000	0.305720	0.010036	0.096317	0.320690	-0.007324	0.287938	0.019786	0.030569	0.290231
4.416000	0.200257	-0.007209	0.116747	0.231916	-0.013733	0.215457	-0.018362	0.183159	0.283384
4.424000	0.129170	-0.002668	0.171865	0.215011	-0.005188	0.120088	0.008342	0.106864	0.160968
4.432000	0.079409	-0.060446	0.192125	0.216498	-0.014343	0.078126	-0.067954	0.251825	0.272281
4.440000	-0.108515	-0.042553	0.170125	0.206226	0.026093	-0.093538	-0.041250	0.122123	0.159264
4.448000	-0.275794	-0.015416	0.147580	0.313177	-0.011292	-0.303349	-0.010732	0.175530	0.350638
4.456000	-0.242783	-0.041393	0.014574	0.246717	-0.006104	-0.207980	-0.048880	0.015310	0.214195
4.464000	-0.167913	-0.028033	0.139886	0.220338	-0.016632	-0.204166	-0.022176	0.106864	0.231507
4.472000	-0.095725	-0.078682	0.331499	0.353901	0.052491	-0.063020	-0.079398	0.389156	0.402142
4.480000	-0.102560	-0.101258	0.187834	0.236756	-0.014191	-0.127871	-0.106101	0.122123	0.206210
4.488000	-0.125560	-0.025848	0.095640	0.159939	-0.007019	-0.108797	-0.018362	0.152641	0.188343
4.496000	-0.095294	0.018240	0.005713	0.097192	-0.013581	-0.104982	0.012156	-0.030467	0.109988
4.504000	-0.060781	0.041611	0.051164	0.089686	-0.010376	-0.055390	0.042674	0.061087	0.092848
4.512000	0.013703	-0.066132	0.238138	0.247529	0.002136	0.009461	-0.060324	0.251825	0.259122
4.520000	0.004618	-0.210057	0.311805	0.375989	-0.004273	0.009461	-0.220544	0.282343	0.358394
4.528000	-0.070239	-0.120777	0.428673	0.450867	-0.010224	-0.074464	-0.109916	0.465451	0.484016
4.536000	-0.011058	0.029506	0.329590	0.331093	-0.010834	-0.009613	0.019786	0.289972	0.290805
4.544000	0.107246	0.067170	-0.066779	0.143083	0.027466	0.108644	0.077007	-0.022838	0.135112
4.552000	0.130799	0.061592	-0.150282	0.208534	-0.008545	0.127718	0.050304	-0.198316	0.241188
4.560000	0.168206	0.032885	0.139076	0.220719	-0.008087	0.173495	0.046489	0.183159	0.256533
4.568000	0.267799	0.073448	0.312699	0.418200	-0.009766	0.257420	0.057933	0.282343	0.386444
4.576000	0.265770	0.123978	0.461527	0.546820	-0.014038	0.284123	0.138043	0.473081	0.568847
4.584000	0.245740	0.072449	0.392311	0.468556	-0.008240	0.219272	0.065563	0.396785	0.458058
4.592000	0.275208	0.127617	-0.036424	0.305536	-0.008850	0.307012	0.122784	-0.045726	0.333801
4.600000	0.229950	0.152493	-0.125846	0.303263	-0.012970	0.196384	0.168561	-0.122021	0.286127
4.608000	0.129496	0.067646	0.050959	0.154732	-0.008392	0.162051	0.046489	0.053457	0.176860
4.616000	0.053623	0.119987	0.163336	0.209645	0.058442	0.024720	0.138043	0.160271	0.212964
4.624000	-0.031099	0.052981	0.346930	0.352328	-0.005341	-0.009613	0.042674	0.343379	0.346154
4.632000	-0.187035	-0.076695	0.238577	0.312703	-0.010376	-0.196536	-0.071768	0.251825	0.327403
4.640000	-0.195613	0.022299	-0.059487	0.205671	-0.008087	-0.200351	0.015971	-0.076244	0.214962
4.648000	-0.113220	-0.003431	0.058320	0.127404	-0.014343	-0.097353	0.008342	0.068716	0.119453
4.656000	-0.138289	-0.145004	0.282969	0.346730	-0.004273	-0.158389	-0.159508	0.282343	0.360898
4.664000	-0.137568	-0.090521	0.265982	0.312834	-0.014038	-0.120241	-0.079398	0.259454	0.296780
4.672000	-0.130185	-0.033592	0.164875	0.212745	-0.006561	-0.139315	-0.037435	0.175530	0.227202
4.680000	-0.053389	-0.041344	0.171236	0.184070	-0.015564	-0.055390	-0.045065	0.160271	0.175458
4.688000	-0.021228	-0.031785	0.255240	0.258086	0.061799	-0.009613	-0.022176	0.259454	0.260578
4.696000	-0.116769	-0.039540	0.097235	0.157013	-0.014038	-0.131685	-0.052694	0.106864	0.177588
4.704000	-0.089095	-0.051654	0.038573	0.109972	-0.005035	-0.078279	-0.037435	0.015310	0.088110
4.712000	-0.038017	-0.085473	0.269888	0.285641	-0.014954	-0.040131	-0.098472	0.297602	0.316028
4.720000	-0.009451	-0.120033	0.303871	0.326856	0.011749	-0.017243	-0.109916	0.282343	0.303474
4.728000	0.004804	-0.096511	0.204312	0.226011	-0.009003	0.020905	-0.102286	0.213677	0.237818
4.736000	0.006660	0.008558	0.056732	0.057759	-0.008392	-0.013428	0.008342	0.061087	0.063099
4.744000	0.147188	0.044191	-0.106221	0.186815	-0.010681	0.165866	0.050304	-0.122021	0.211969
4.752000	0.237652	-0.017192	0.014108	0.238691	-0.010681	0.223087	-0.025991	0.038198	0.227821
4.760000	0.199968	0.019780	0.375503	0.425888	0.048524	0.211643	0.027415	0.343379	0.404294
4.768000	0.298072	0.115921	0.564104	0.648458	-0.007477	0.287938	0.111340	0.602782	0.677238
4.776000	0.426918	0.178996	0.383498	0.601140	-0.010224	0.432898	0.180006	0.343379	0.581130
4.784000	0.334410	0.121030	0.114537	0.373627	-0.012818	0.337530	0.122784	0.152641	0.390258
4.792000	0.203428	0.005236	-0.048619	0.209223	0.028229	0.188754	0.004527	-0.083874	0.206600
4.800000	0.072610	0.063214	0.027567	0.100141	-0.011597	0.097200	0.057933	0.061087	0.128591
4.808000	-0.011444	0.128921	0.326485	0.351204	-0.007019	-0.040131	0.141858	0.289972	0.325297
4.816000	0.084894	0.084017	0.293865	0.317211	-0.012055	0.108644	0.065563	0.335749	0.358929
4.824000	0.017509	-0.004116	0.100330	0.101929	-0.009766	0.005646	0.015971	0.061087	0.063392
4.832000	-0.078703	-0.093544	0.215057	0.247374	0.030060	-0.078279	-0.109916	0.236566	0.272346
4.840000	-0.043580	-0.033049	0.190194	0.197902	-0.004120	-0.040131	-0.025991	0.198418	0.204098
4.848000	-0.104233	0.003838	0.079498	0.131145	-0.014038	-0.101167	0.008342	0.038198	0.108460
4.856000	-0.018730	-0.054125	0.059334	0.082468	-0.008850	-0.036316	-0.067954	0.129753	0.150905
4.864000	-0.007880	-0.078963	0.219003	0.232936	0.038758	0.024720	-0.060324	0.129753	0.145209
4.872000	-0.214037	-0.140653	0.573183	0.627801	-0.007172	-0.253758	-0.159508	0.663818	0.728348
4.880000	-0.244481	-0.198026	0.358389	0.476894	-0.014649	-0.207980	-0.182396	0.282343	0.395274
4.888000	-0.318038	-0.195330	-0.240534	0.444025	-0.005951	-0.345312	-0.205285	-0.183057	0.441466
4.896000	-0.364891	-0.161390	-0.229047	0.460059	-0.017853	-0.345312	-0.159508	-0.266982	0.464717
4.904000	-0.146933	-0.209072	0.379899	0.457847	0.016632	-0.166018	-0.201470	0.389156	0.468609
4.912000	-0.064511	-0.235937	0.539381	0.592250	-0.009155	-0.040131	-0.251062	0.564635	0.619237
4.920000	0.029807	-0.116045	0.105730	0.159793	-0.008392	0.001831	-0.098472	0.053457	0.112061
4.928000	0.273297	-0.090197	-0.001552	0.287800	-0.012360	0.295567	-0.106101	0.068716	0.321464
4.936000	0.202708	-0.188179	0.474221	0.548988	0.057527	0.196384	-0.174767	0.389156	0.469630
4.944000	0.143583	-0.209701	0.771003	0.811811	-0.010529	0.131533	-0.220544	0.862186	0.899613
4.952000	0.291042	-0.147234	0.438325	0.546363	-0.006867	0.314641	-0.140434	0.358638	0.497335
4.960000	0.271348	-0.108745	0.287735	0.410179	-0.011444	0.245975	-0.109916	0.343379	0.436457
4.968000	0.267338	-0.063337	0.360778	0.453477	-0.013733	0.287938	-0.067954	0.328120	0.441801
4.976000	0.272032	-0.008114	0.202478	0.339212	-0.005493	0.257420	0.000712	0.221307	0.339473
4.984000	0.131860	-0.075805	0.105565	0.185142	-0.009613	0.142977	-0.087027	0.091605	0.190808
4.992000	0.049844	-0.245269	0.016552	0.250829	-0.009918	0.039979	-0.231988	0.030569	0.237384
5.000000	0.012697	-0.294043	0.013553	0.294629	-0.011749	0.020905	-0.308283	0.000051	0.308991
5.008000	-0.043699	-0.159631	0.379959	0.414439	0.063325	-0.047761	-0.148063	0.389156	0.419102
5.016000	0.015724	-0.092275	0.541515	0.549545	-0.012512	0.013275	-0.098472	0.534117	0.543280
5.024000	0.137682	-0.107765	0.052887	0.182666	-0.003510	0.146792	-0.106101	0.068716	0.193719
5.032000	0.157914	-0.143611	-0.163642	0.268960	-0.014954	0.142977	-0.144249	-0.190687	0.278589
5.040000	-0.021665	-0.236669	0.104031	0.259431	-0.009155	-0.001984	-0.231988	0.129753	0.265816
5.048000	-0.301522	-0.184943	0.068708	0.360334	-0.012207	-0.322423	-0.197655	0.061087	0.383087
5.056000	-0.367661	-0.065614	0.004514	0.373497	-0.006867	-0.349126	-0.045065	-0.015208	0.352351
5.064000	-0.203605	-0.039205	0.097218	0.229005	-0.014191	-0.219425	-0.064139	0.145012	0.270720
5.072000	0.007129	-0.047218	0.186412	0.192431	-0.008087	0.020905	-0.022176	0.114494	0.118480
5.080000	0.000883	-0.179777	0.239283	0.299294	0.055848	-0.013428	-0.201470	0.328120	0.385270
5.088000	-0.282973	-0.311128	0.089197	0.429919	-0.004273	-0.261387	-0.293024	-0.007579	0.392739
5.096000	-0.315900	-0.234470	-0.022143	0.394029	-0.011749	-0.349126	-0.251062	0.076346	0.436749
5.104000	-0.149223	-0.087421	0.150154	0.229033	-0.008545	-0.108797	-0.071768	0.053457	0.140873
5.112000	-0.196292	0.002936	0.248317	0.316545	-0.013733	-0.234684	-0.010732	0.335749	0.409780
5.120000	-0.139242	0.062479	-0.048076	0.160010	-0.006409	-0.108797	0.073192	-0.114392	0.174010
5.128000	0.051636	0.091783	-0.115680	0.156437	-0.012360	0.028534	0.084637	-0.076244	0.117434
5.136000	0.115690	0.141790	0.291779	0.344418	-0.007172	0.135348	0.145673	0.274713	0.339127
5.144000	0.166053	0.239332	0.413738	0.505996	-0.014649	0.146792	0.237227	0.412044	0.497599
5.152000	0.127816	0.224853	0.090096	0.273885	0.056001	0.146792	0.225783	0.114494	0.292634
5.160000	0.054420	0.169291	0.063897	0.188954	-0.008698	0.039979	0.172376	0.015310	0.177613
5.168000	0.200486	0.260750	0.310611	0.452399	-0.010376	0.204013	0.248671	0.373897	0.493212
5.176000	0.278062	0.293511	0.246877	0.473725	-0.013428	0.287938	0.317337	0.183159	0.466002
5.184000	0.189447	0.244595	0.204199	0.370694	0.020905	0.169680	0.210524	0.259454	0.374737
5.192000	0.164968	0.152211	0.176766	0.285707	-0.009918	0.188754	0.191450	0.129753	0.298525
5.200000	0.157992	-0.016156	-0.060876	0.170084	-0.010529	0.135348	-0.052694	-0.015208	0.146037
5.208000	0.107016	-0.025433	0.026619	0.113172	-0.007477	0.123903	0.000712	-0.022838	0.125992
5.216000	-0.044569	-0.013616	0.271668	0.275636	-0.017548	-0.051575	-0.025991	0.320490	0.325653
5.224000	-0.142774	-0.102016	0.152626	0.232565	0.044251	-0.146944	-0.102286	0.114494	0.212518
5.232000	-0.110317	-0.139305	0.077172	0.193730	-0.011444	-0.097353	-0.128990	0.099235	0.189640
5.240000	-0.034057	-0.096093	0.100803	0.143370	-0.007782	-0.051575	-0.113731	0.091605	0.154875
5.248000	0.069006	-0.050724	0.070537	0.110951	-0.014343	0.085756	-0.029806	0.076346	0.118622
5.256000	0.005730	-0.124931	0.219927	0.252999	0.042420	-0.005798	-0.144249	0.206048	0.251589
5.264000	-0.160149	-0.231053	0.169822	0.328440	-0.016327	-0.154574	-0.216729	0.198418	0.332016
5.272000	-0.244849	-0.296875	0.017028	0.385196	-0.004425	-0.246128	-0.304468	-0.022838	0.392175
5.280000	-0.301747	-0.300873	0.255600	0.496898	-0.013886	-0.303349	-0.300654	0.297602	0.520558
5.288000	-0.360330	-0.257366	0.346014	0.561962	-0.010376	-0.356756	-0.251062	0.305231	0.532422
5.296000	-0.390420	-0.198415	-0.006505	0.437994	0.027924	-0.394903	-0.209099	0.038198	0.448476
5.304000	-0.308119	-0.065327	-0.116415	0.335793	-0.005798	-0.303349	-0.052694	-0.167798	0.350648
5.312000	-0.046513	0.075000	0.183869	0.203952	-0.013733	-0.051575	0.061748	0.236566	0.249872
5.320000	0.174500	0.056827	0.330967	0.378442	-0.007477	0.177310	0.069378	0.282343	0.340543
5.328000	0.108216	-0.090101	0.185088	0.232565	0.048981	0.112459	-0.098472	0.228936	0.273414
5.336000	0.037199	-0.043050	0.083585	0.101111	-0.007630	0.024720	-0.041250	0.045828	0.066429
5.344000	0.110910	0.140009	0.110455	0.210009	-0.010376	0.127718	0.141858	0.137382	0.235180
5.352000	0.094524	0.126903	0.057012	0.168195	-0.010224	0.078126	0.126599	0.045828	0.155664
5.360000	0.011436	0.042496	0.104556	0.113441	-0.014954	0.024720	0.038860	0.099235	0.109401
5.368000	-0.035330	0.039012	0.280865	0.285754	0.002747	-0.043946	0.046489	0.297602	0.304400
5.376000	0.055525	0.068872	0.280360	0.293987	-0.009918	0.059052	0.057933	0.259454	0.272323
5.384000	0.261756	0.120092	0.246430	0.379033	-0.009155	0.261234	0.134229	0.267084	0.396982
5.392000	0.349225	0.129100	0.256105	0.451901	-0.010681	0.348974	0.111340	0.236566	0.436054
5.400000	0.253090	0.016537	0.179587	0.310772	0.056916	0.253605	0.038860	0.198418	0.324338
5.408000	0.100878	-0.072624	0.139122	0.186562	-0.005493	0.101015	-0.098472	0.122123	0.186587
5.416000	-0.003425	-0.100753	0.209322	0.232333	-0.012360	-0.005798	-0.075583	0.221307	0.233930
5.424000	-0.113908	-0.235476	0.172868	0.313540	-0.008087	-0.108797	-0.254877	0.167900	0.324020
5.432000	-0.314823	-0.323309	0.053651	0.454446	-0.015564	-0.322423	-0.312098	0.053457	0.451906
5.440000	-0.422228	-0.239833	0.036766	0.486978	-0.005341	-0.410163	-0.243432	0.038198	0.478489
5.448000	-0.218145	-0.136927	0.000139	0.257558	-0.014954	-0.238499	-0.140434	0.000051	0.276773
5.456000	-0.056654	-0.105509	-0.006980	0.119961	-0.005341	-0.028687	-0.094657	-0.007579	0.099198
5.464000	-0.167507	-0.107424	0.048617	0.204847	-0.018006	-0.196536	-0.125175	0.045828	0.237477
5.472000	-0.205319	-0.136888	-0.041457	0.250226	0.065309	-0.181277	-0.113731	-0.030467	0.216158
5.480000	-0.182870	-0.168036	-0.048721	0.253084	-0.010986	-0.200351	-0.193840	-0.068615	0.287093
5.488000	-0.220608	-0.112148	0.189018	0.311404	-0.006409	-0.207980	-0.087027	0.213677	0.310624
5.496000	-0.186573	0.018552	0.391616	0.434185	-0.013123	-0.196536	-0.003103	0.366267	0.415678
5.504000	-0.124448	0.130618	0.456712	0.491055	-0.001984	-0.116426	0.145673	0.480710	0.515614
5.512000	-0.054134	0.059873	0.372643	0.381285	-0.013581	-0.059205	0.054119	0.351008	0.360057
5.520000	-0.020166	-0.065383	0.118199	0.136575	-0.006256	-0.021057	-0.067954	0.137382	0.154709
5.528000	-0.138945	-0.029389	-0.001264	0.142024	-0.010834	-0.127871	-0.022176	-0.015208	0.130667
5.536000	-0.173770	0.036728	0.181474	0.253925	-0.011597	-0.196536	0.027415	0.183159	0.270047
5.544000	-0.090218	0.039869	0.236623	0.256358	0.055695	-0.059205	0.050304	0.251825	0.263536
5.552000	-0.007564	0.086930	0.166911	0.188344	-0.006409	-0.040131	0.077007	0.137382	0.162525
5.560000	0.184912	0.166566	0.184872	0.310023	-0.012970	0.211643	0.172376	0.221307	0.351401
5.568000	0.236092	0.131862	0.179655	0.324658	-0.009918	0.219272	0.134229	0.145012	0.295171
5.576000	0.198311	0.134541	0.257057	0.351435	0.013886	0.207828	0.122784	0.282343	0.371464
5.584000	0.365428	0.184951	0.188727	0.450957	-0.011139	0.356603	0.202894	0.175530	0.446254
5.592000	0.436014	0.110800	-0.036094	0.451318	-0.007935	0.448157	0.092266	-0.030467	0.458570
5.600000	0.272474	0.035883	0.020161	0.275565	-0.011749	0.257420	0.050304	0.015310	0.262735
5.608000	0.034980	-0.063635	0.297604	0.306335	-0.010834	0.051423	-0.071768	0.305231	0.317744
5.616000	-0.101396	-0.113210	0.546932	0.567655	0.045319	-0.116426	-0.109916	0.534117	0.557599
5.624000	-0.029836	-0.022642	0.401698	0.403441	-0.004273	-0.021057	-0.025991	0.419674	0.421005
5.632000	0.012739	-0.041598	-0.060503	0.074520	-0.015412	0.013275	-0.033621	-0.076244	0.084379
5.640000	0.006743	-0.123055	-0.256083	0.284195	-0.006714	-0.001984	-0.136619	-0.251723	0.286414
5.648000	-0.010407	-0.168940	-0.043485	0.174757	0.024567	0.001831	-0.151878	-0.030467	0.154915
5.656000	-0.160550	-0.226398	0.365283	0.458764	-0.007019	-0.169833	-0.243432	0.328120	0.442454
5.664000	-0.247727	-0.184748	0.377932	0.488194	-0.011597	-0.246128	-0.170952	0.442563	0.534477
5.672000	-0.275877	-0.126811	0.175005	0.350451	-0.007324	-0.269017	-0.136619	0.091605	0.315319
5.680000	-0.332247	-0.151599	0.213089	0.422821	-0.015259	-0.345312	-0.144249	0.297602	0.478137
5.688000	-0.292970	-0.122894	0.046187	0.321042	0.034333	-0.276646	-0.128990	-0.022838	0.306093
5.696000	-0.201617	-0.064266	-0.113901	0.240318	-0.013275	-0.219425	-0.060324	-0.068615	0.237685
5.704000	-0.123428	-0.075943	0.066130	0.159295	-0.005798	-0.104982	-0.075583	0.045828	0.137238
5.712000	-0.052277	-0.062067	0.371276	0.380041	-0.013275	-0.070649	-0.067954	0.366267	0.379158
5.720000	0.003341	-0.028941	0.309104	0.310474	0.048219	0.020905	-0.018362	0.335749	0.336900
5.728000	0.044424	-0.005728	-0.026876	0.052236	-0.012665	0.028534	-0.018362	-0.060985	0.069789
5.736000	0.068760	0.095976	0.166018	0.203719	-0.006256	0.081941	0.107525	0.190789	0.233830
5.744000	0.155167	0.200100	0.278739	0.376580	-0.015412	0.146792	0.191450	0.267084	0.359909
5.752000	0.311211	0.224406	0.049442	0.386852	-0.010986	0.310826	0.229597	0.061087	0.391228
5.760000	0.275962	0.173839	0.304263	0.446039	0.008698	0.287938	0.172376	0.274713	0.433692
5.768000	0.175404	0.128019	0.524630	0.567796	-0.010071	0.154421	0.126599	0.579894	0.613311
5.776000	0.283379	0.196410	0.291257	0.451344	-0.009918	0.307012	0.199079	0.213677	0.423729
5.784000	0.348066	0.237694	0.027485	0.422379	-0.011292	0.326085	0.233412	0.122123	0.419198
5.792000	0.238000	0.125805	-0.030623	0.270940	0.056764	0.257420	0.134229	-0.137280	0.321136
5.800000	0.090669	-0.000229	0.095056	0.131364	-0.010071	0.074311	-0.014547	0.206048	0.219521
5.808000	-0.048497	-0.046679	0.289196	0.296926	-0.007019	-0.036316	-0.025991	0.183159	0.188525
5.816000	-0.117958	-0.006406	0.474034	0.488531	-0.015259	-0.124056	-0.033621	0.564635	0.579079
5.824000	-0.018789	0.002849	0.287950	0.288576	-0.007782	-0.021057	0.035045	0.221307	0.225052
5.832000	0.079257	-0.103062	-0.012410	0.130604	-0.012818	0.089570	-0.136619	0.030569	0.166199
5.840000	0.051105	-0.176047	-0.064255	0.194250	-0.006714	0.036164	-0.144249	-0.091503	0.174609
5.848000	0.012810	-0.165341	-0.021311	0.167200	-0.013275	0.028534	-0.193840	0.000051	0.195929
5.856000	-0.094615	-0.167853	0.230306	0.300279	-0.010071	-0.108797	-0.144249	0.206048	0.274044
5.864000	-0.251206	-0.230746	0.396943	0.523366	0.058442	-0.238499	-0.247247	0.427304	0.548271
5.872000	-0.332773	-0.262992	0.247075	0.490865	-0.004120	-0.345312	-0.254877	0.213677	0.479437
5.880000	-0.373723	-0.213107	0.013574	0.430428	-0.013428	-0.360571	-0.212914	0.045828	0.421241
5.888000	-0.369860	-0.094505	-0.118567	0.399732	-0.007477	-0.383459	-0.102286	-0.144910	0.422495
5.896000	-0.278556	-0.034915	0.060988	0.287284	-0.015564	-0.265202	-0.022176	0.076346	0.276862
5.904000	-0.119104	-0.078613	0.248888	0.286899	-0.007477	-0.131685	-0.090842	0.244195	0.291933
5.912000	0.051838	-0.005637	0.220690	0.226766	-0.011444	0.062867	0.000712	0.221307	0.230064
5.920000	0.110207	0.094705	0.217905	0.261911	-0.005798	0.101015	0.096081	0.213677	0.255134
5.928000	0.035082	0.111371	0.147356	0.188011	-0.017853	0.043793	0.103710	0.160271	0.195858
5.936000	-0.000537	0.100267	0.128567	0.163044	0.065156	-0.009613	0.111340	0.106864	0.154625
5.944000	-0.036105	0.072425	0.166439	0.185070	-0.012207	-0.028687	0.061748	0.190789	0.202574
5.952000	-0.149464	0.150343	0.160788	0.266074	-0.008698	-0.150759	0.157117	0.145012	0.261615
5.960000	-0.081724	0.243074	0.303458	0.397304	-0.010681	-0.089723	0.241042	0.297602	0.393342
5.968000	0.078073	0.276070	0.276133	0.398195	0.004425	0.093385	0.275374	0.312861	0.427123
5.976000	0.117871	0.309650	0.205465	0.389862	-0.011292	0.101015	0.309707	0.137382	0.353548
5.984000	0.198662	0.267769	0.176382	0.377197	-0.008087	0.211643	0.271560	0.267084	0.435742
5.992000	0.245005	0.185646	0.052099	0.311779	-0.009766	0.238346	0.176191	-0.045726	0.299905
6.000000	0.101044	0.092052	0.216759	0.256257	-0.014649	0.101015	0.107525	0.305231	0.339016
6.008000	-0.094182	0.028581	0.359346	0.372581	0.055390	-0.085908	0.008342	0.289972	0.302545
6.016000	-0.090760	0.073528	0.256995	0.282294	-0.014343	-0.108797	0.096081	0.305231	0.337986
6.024000	-0.023182	0.111814	0.164850	0.200537	-0.007019	0.001831	0.088451	0.137382	0.163404
6.032000	-0.041759	0.015390	0.047212	0.064882	-0.014954	-0.066835	0.038860	0.053457	0.093993
6.040000	-0.007842	-0.134341	-0.085378	0.159369	0.026551	0.009461	-0.155693	-0.068615	0.170405
6.048000	-0.100685	-0.198523	0.198494	0.298243	-0.013581	-0.104982	-0.182396	0.160271	0.264530
6.056000	-0.196193	-0.223028	0.526381	0.604409	-0.004578	-0.204166	-0.231988	0.572264	0.650376
6.064000	-0.194544	-0.187957	0.100920	0.288721	-0.012512	-0.181277	-0.186211	0.068716	0.268808
6.072000	-0.328644	-0.147052	-0.206474	0.415045	-0.008850	-0.337682	-0.144249	-0.198316	0.417332
6.080000	-0.268007	-0.180131	-0.077758	0.332146	0.058137	-0.269017	-0.182396	-0.068615	0.332184
6.088000	-0.086964	-0.103245	-0.124382	0.183557	-0.006409	-0.078279	-0.106101	-0.137280	0.190344
6.096000	-0.119199	-0.030925	0.023380	0.125345	-0.012207	-0.127871	-0.022176	0.030569	0.133331
6.104000	-0.156240	-0.075456	0.374005	0.412292	-0.007324	-0.154574	-0.087027	0.373897	0.413843
6.112000	-0.160495	-0.036940	0.418045	0.449315	0.035401	-0.150759	-0.025991	0.412044	0.439528
6.120000	-0.018037	0.029124	0.138389	0.142566	-0.005035	-0.040131	0.019786	0.152641	0.159064
6.128000	0.144197	0.048940	-0.060783	0.163959	-0.013275	0.173495	0.057933	-0.083874	0.201225
6.136000	0.032727	0.125362	-0.050742	0.139146	-0.009155	0.005646	0.115155	-0.022838	0.117533
6.144000	0.044033	0.217911	0.117676	0.251539	-0.014954	0.062867	0.229597	0.091605	0.255066
6.152000	0.276302	0.268628	0.563044	0.682292	0.020752	0.265049	0.256301	0.579894	0.687181
6.160000	0.369722	0.229898	0.746902	0.864529	-0.010529	0.375677	0.241042	0.740113	0.864293
6.168000	0.300217	0.110236	0.368823	0.488173	-0.008240	0.299382	0.103710	0.373897	0.490086
6.176000	0.197083	0.089684	0.192252	0.289562	-0.012970	0.192569	0.088451	0.183159	0.280096
6.184000	0.133105	0.068274	0.349409	0.380085	0.051118	0.142977	0.077007	0.358638	0.393692
6.192000	0.158245	-0.044043	0.127365	0.207854	-0.006561	0.142977	-0.056509	0.122123	0.196341
6.200000	0.124438	-0.042004	-0.183449	0.225616	-0.012970	0.142977	-0.029806	-0.175428	0.228267
6.208000	0.017862	0.015156	0.183445	0.184935	-0.009155	0.001831	0.004527	0.160271	0.160345
6.216000	0.090166	0.013744	0.456717	0.465735	-0.016327	0.097200	0.023601	0.495969	0.505955
6.224000	0.112445	0.003250	0.133431	0.174523	-0.000305	0.116274	-0.006917	0.091605	0.148185
6.232000	-0.010603	-0.089879	0.007345	0.090800	-0.014496	-0.021057	-0.079398	0.038198	0.090590
6.240000	-0.035371	-0.200913	0.015841	0.204617	-0.005493	-0.024872	-0.209099	0.000051	0.210574
6.248000	-0.095366	-0.119828	0.062992	0.165594	-0.016632	-0.101167	-0.117545	0.068716	0.169628
6.256000	-0.158427	-0.041179	0.259276	0.306625	0.065309	-0.158389	-0.037435	0.251825	0.299840
6.264000	-0.176932	-0.119218	0.153985	0.263115	-0.011444	-0.173648	-0.125175	0.175530	0.276826
6.272000	-0.247678	-0.182617	-0.004902	0.307762	-0.007019	-0.249943	-0.178581	-0.045726	0.310570
6.280000	-0.277565	-0.255057	-0.026907	0.377916	-0.013733	-0.280461	-0.254877	0.030569	0.380204
6.288000	-0.351514	-0.221053	-0.032006	0.416474	-0.008545	-0.341497	-0.224358	-0.099133	0.420457
6.296000	-0.383689	-0.023486	0.054560	0.388260	-0.013886	-0.398718	-0.022176	0.122123	0.417591
6.304000	-0.271615	0.066988	0.149928	0.317397	-0.004273	-0.257572	0.073192	0.091605	0.283005
6.312000	-0.201605	0.157301	0.265247	0.368435	-0.014801	-0.207980	0.141858	0.305231	0.395659
6.320000	0.006424	0.212373	0.198649	0.290869	-0.009918	0.001831	0.233412	0.183159	0.296702
6.328000	0.214941	0.084437	0.115015	0.257988	0.059510	0.226902	0.065563	0.106864	0.259235
6.336000	0.115546	0.078597	0.257546	0.293016	-0.006867	0.104829	0.088451	0.282343	0.313895
6.344000	0.067238	0.133181	0.263959	0.303204	-0.012360	0.070497	0.134229	0.228936	0.274589
6.352000	0.115547	0.109606	0.215134	0.267670	-0.007782	0.120089	0.099896	0.259454	0.302848
6.360000	0.102455	0.119442	0.399258	0.429151	-0.004730	0.093385	0.134229	0.343379	0.380325
6.368000	0.140889	0.116576	0.385278	0.426473	-0.010376	0.150607	0.099896	0.450192	0.485113
6.376000	0.192491	0.061142	0.040490	0.205987	-0.007477	0.184939	0.077007	-0.022838	0.201629
6.384000	0.234529	0.012424	0.047170	0.239548	-0.011597	0.238346	0.000712	0.099235	0.258180
6.392000	0.241941	0.061615	0.270073	0.367792	-0.012360	0.242161	0.065563	0.228936	0.339635
6.400000	0.184472	0.056745	0.147335	0.242812	0.056153	0.181125	0.061748	0.183159	0.264889
6.408000	0.122359	0.075730	-0.006412	0.144041	-0.007324	0.127718	0.065563	-0.038097	0.148532
6.416000	0.095841	0.222736	0.098128	0.261583	-0.014496	0.089570	0.229597	0.122123	0.275049
6.424000	0.053969	0.186462	0.242597	0.310699	-0.006561	0.059052	0.191450	0.228936	0.304224
6.432000	-0.001764	0.120198	0.257323	0.284017	0.010224	-0.001984	0.099896	0.259454	0.278028
6.440000	0.037244	0.067117	0.134075	0.154492	-0.005341	0.028534	0.099896	0.145012	0.178386
6.448000	0.001890	-0.015622	0.220360	0.220921	-0.010376	0.020905	-0.052694	0.198418	0.206358
6.456000	-0.116898	0.042985	0.480569	0.496447	-0.008087	-0.143130	0.073192	0.503599	0.528635
6.464000	-0.257546	0.006809	0.242347	0.353707	-0.016022	-0.230869	-0.006917	0.228936	0.325208
6.472000	-0.457248	-0.034039	-0.156048	0.484340	0.047913	-0.475013	-0.041250	-0.152539	0.500607
6.480000	-0.410870	-0.082918	-0.204115	0.466211	-0.013581	-0.410163	-0.056509	-0.205946	0.462429
6.488000	-0.294591	-0.167350	-0.108073	0.355626	-0.004578	-0.276646	-0.205285	-0.099133	0.358472
6.496000	-0.302030	-0.060856	0.122449	0.331541	-0.016022	-0.333867	-0.022176	0.099235	0.349008
6.504000	-0.284537	-0.040650	0.264564	0.390650	0.036622	-0.246128	-0.071768	0.305231	0.398617
6.512000	-0.247469	-0.062542	0.261518	0.365437	-0.014191	-0.284276	-0.041250	0.206048	0.353511
6.520000	-0.105466	0.067694	0.248933	0.278699	-0.005951	-0.078279	0.054119	0.312861	0.327014
6.528000	-0.031378	0.164244	0.133601	0.214033	-0.014343	-0.043946	0.172376	0.068716	0.190701
6.536000	0.003626	0.134501	0.062278	0.148264	-0.008850	0.001831	0.130414	0.122123	0.178676
6.544000	0.074599	0.063030	0.270634	0.287716	0.022431	0.085756	0.065563	0.221307	0.246230
6.552000	0.079422	0.077280	0.550961	0.561995	-0.007782	0.066682	0.073192	0.579894	0.588286
6.560000	0.189581	0.100426	0.258563	0.335978	-0.009461	0.196384	0.107525	0.259454	0.342702
6.568000	0.190452	0.052627	-0.155516	0.251450	-0.012360	0.192569	0.042674	-0.183057	0.269098
6.576000	0.036141	0.018374	-0.025487	0.047889	0.048829	0.028534	0.031230	0.015310	0.044988
6.584000	0.112050	0.092902	0.135124	0.198606	-0.008850	0.120089	0.077007	0.091605	0.169537
6.592000	0.314227	0.155611	0.186224	0.397030	-0.009918	0.307012	0.172376	0.228936	0.419978
6.600000	0.376173	0.044844	0.248534	0.453085	-0.013733	0.383307	0.031230	0.206048	0.436297
6.608000	0.287262	-0.034647	0.343307	0.448976	-0.009613	0.280308	-0.025991	0.389156	0.480303
6.616000	0.113405	-0.005218	0.430386	0.445106	-0.000610	0.120088	-0.010732	0.373897	0.392855
6.624000	0.082661	0.014156	0.116610	0.143635	-0.005035	0.078126	0.019786	0.190789	0.207112
6.632000	0.158639	-0.016422	-0.177319	0.238491	-0.012970	0.154421	-0.025991	-0.266982	0.309517
6.640000	-0.116968	-0.165642	-0.040125	0.206709	-0.010071	-0.097353	-0.148063	0.053457	0.185089
6.648000	-0.294605	-0.265746	0.221919	0.454600	0.032959	-0.326238	-0.293024	0.137382	0.459530
6.656000	-0.144233	-0.266972	0.259839	0.399491	-0.004425	-0.116426	-0.231988	0.320490	0.412417
6.664000	-0.335839	-0.265836	-0.194420	0.470378	-0.015106	-0.341497	-0.304468	-0.213575	0.504911
6.672000	-0.313983	-0.216321	-0.320260	0.497943	-0.006256	-0.337682	-0.178581	-0.350907	0.518706
6.680000	-0.000065	-0.123304	-0.085908	0.150280	-0.016175	0.043793	-0.155693	-0.015208	0.162448
6.688000	-0.016823	0.031204	-0.055352	0.065730	-0.005798	-0.063020	0.054119	-0.144910	0.167030
6.696000	0.033275	0.092393	0.271063	0.288303	-0.013581	0.066682	0.080822	0.358638	0.373631
6.704000	0.042324	0.074523	0.434374	0.442748	-0.006104	0.028534	0.077007	0.358638	0.367920
6.712000	-0.089274	0.083404	0.139205	0.185213	-0.018463	-0.093538	0.084637	0.206048	0.241595
6.720000	-0.072068	0.052497	0.191235	0.210999	0.068055	-0.055390	0.054119	0.129753	0.151105
6.728000	0.013860	0.125074	0.536813	0.551366	-0.012818	-0.009613	0.115155	0.587523	0.598779
6.736000	0.114201	0.220985	0.369678	0.445576	-0.007324	0.139162	0.241042	0.335749	0.436113
6.744000	0.160765	0.246728	-0.120719	0.318266	-0.011749	0.139162	0.218153	-0.099133	0.277100
6.752000	0.238050	0.204150	-0.120079	0.335803	-0.009918	0.253605	0.237227	-0.137280	0.373414
6.760000	0.336108	0.126890	0.305961	0.471892	-0.010986	0.326085	0.096081	0.320490	0.467201
6.768000	0.296634	0.220119	0.419202	0.558726	-0.007477	0.303197	0.241042	0.404415	0.559983
6.776000	0.223102	0.297545	0.277212	0.463847	-0.011292	0.219272	0.290634	0.305231	0.475094
6.784000	0.218795	0.274351	0.523224	0.630003	-0.013581	0.219272	0.267745	0.465451	0.580011
6.792000	0.257824	0.228045	0.584965	0.678720	0.061646	0.261234	0.244856	0.679077	0.767688
6.800000	0.235523	0.159776	0.162282	0.327620	-0.013581	0.226902	0.138043	0.038198	0.268327
6.808000	0.114838	0.170937	-0.144666	0.251666	-0.007019	0.131533	0.191450	0.000051	0.232280
6.816000	0.074384	0.073435	-0.056966	0.119041	-0.013428	0.047608	0.057933	-0.213575	0.226357
6.824000	0.008930	-0.053271	0.158557	0.167505	0.011292	0.043793	-0.041250	0.312861	0.318593
6.832000	-0.133471	-0.011909	0.058061	0.146038	-0.010986	-0.169833	-0.025991	-0.076244	0.187968
6.840000	-0.104475	-0.065657	0.065159	0.139541	-0.005188	-0.074464	-0.045065	0.167900	0.189120
6.848000	-0.074347	-0.117786	0.252790	0.288624	-0.014801	-0.093538	-0.144249	0.183159	0.251206
6.856000	-0.136011	-0.079216	0.393275	0.423603	-0.008545	-0.127871	-0.052694	0.434933	0.456393
6.864000	-0.193717	-0.148350	0.367679	0.441272	0.046540	-0.192721	-0.167137	0.343379	0.427768
6.872000	-0.190042	-0.157219	-0.044741	0.250670	-0.006714	-0.196536	-0.151878	-0.022838	0.249429
6.880000	-0.111135	-0.119637	-0.176976	0.240800	-0.013733	-0.104982	-0.109916	-0.205946	0.255962
6.888000	-0.162008	-0.121153	-0.002327	0.202312	-0.007324	-0.162203	-0.144249	0.030569	0.219208
6.896000	-0.276132	-0.153878	0.026450	0.317217	0.021515	-0.284276	-0.121360	0.000051	0.309097
6.904000	-0.334814	-0.203963	0.150382	0.419900	-0.004730	-0.318608	-0.239617	0.160271	0.429668
6.912000	-0.213415	-0.130061	0.179350	0.307617	-0.013581	-0.234684	-0.098472	0.190789	0.318078
6.920000	0.066766	-0.041947	0.099154	0.126683	-0.007324	0.085756	-0.064139	0.068716	0.127239
6.928000	0.076237	0.028666	0.253668	0.266423	-0.014801	0.066682	0.038860	0.297602	0.307447
6.936000	0.065983	0.075060	0.428840	0.440331	0.036927	0.066682	0.077007	0.373897	0.387525
6.944000	0.246579	0.115210	0.308549	0.411433	-0.011902	0.245975	0.103710	0.373897	0.459411
6.952000	0.208696	0.220897	0.214964	0.372235	-0.006409	0.219272	0.237227	0.145012	0.354098
6.960000	0.190603	0.287817	0.312095	0.465372	-0.013428	0.165866	0.271560	0.373897	0.490974
6.968000	0.233836	0.335380	0.094827	0.419704	0.041657	0.268864	0.347855	0.053457	0.442887
6.976000	0.091822	0.331709	-0.102313	0.359068	-0.008698	0.055238	0.324966	-0.083874	0.340131
6.984000	0.025071	0.262910	0.078878	0.275630	-0.012055	0.055238	0.263930	0.076346	0.280248
6.992000	0.025164	0.203003	0.204039	0.288921	-0.010224	0.005646	0.206709	0.198418	0.286584
7.000000	0.020846	0.141615	0.355249	0.383003	-0.014954	0.028534	0.134229	0.366267	0.391131
7.008000	0.025319	0.101004	0.515724	0.526132	0.013581	0.028534	0.111340	0.495969	0.509113
7.016000	0.013338	0.120206	0.264162	0.290532	-0.011444	0.001831	0.107525	0.297602	0.316436
7.024000	0.035082	0.124755	-0.001138	0.129599	-0.005035	0.051423	0.138043	-0.045726	0.154244
7.032000	0.023812	0.049780	0.054227	0.077367	-0.015717	0.005646	0.038860	0.099235	0.106721
7.040000	-0.054116	-0.020539	0.004472	0.058055	0.059510	-0.036316	-0.014547	-0.030467	0.049586
7.048000	-0.143316	-0.132441	0.062272	0.204836	-0.011902	-0.158389	-0.132804	0.083976	0.223105
7.056000	-0.209925	-0.293168	0.326745	0.486599	-0.007019	-0.200351	-0.296839	0.312861	0.475537
7.064000	-0.312869	-0.310497	0.314518	0.541496	-0.013123	-0.314794	-0.304468	0.328120	0.547228
7.072000	-0.317317	-0.196389	0.108302	0.388571	-0.009461	-0.322423	-0.205285	0.091605	0.393052
7.080000	-0.154956	-0.152781	-0.021047	0.218624	-0.012512	-0.146944	-0.140434	0.000051	0.203259
7.088000	-0.026237	-0.168302	0.109681	0.202594	-0.003967	-0.032502	-0.182396	0.083976	0.203412
7.096000	0.012339	-0.190878	0.340652	0.390679	-0.015717	0.013275	-0.178581	0.366267	0.407700
7.104000	-0.077751	-0.207364	0.323248	0.391835	-0.009613	-0.070649	-0.212914	0.305231	0.378801
7.112000	-0.117125	-0.103484	0.155221	0.220274	0.059968	-0.131685	-0.109916	0.160271	0.234753
7.120000	-0.083247	-0.076980	-0.034330	0.118467	-0.005341	-0.066835	-0.056509	-0.022838	0.090453
7.128000	-0.122187	-0.064166	-0.032103	0.141695	-0.013733	-0.131685	-0.094657	-0.060985	0.173263
7.136000	-0.011986	0.087567	0.126268	0.154127	-0.006104	-0.017243	0.118970	0.167900	0.206498
7.144000	0.036919	0.122539	0.191634	0.230440	-0.015717	0.059052	0.099896	0.145012	0.185728
7.152000	0.049883	0.187151	0.313483	0.368491	-0.008240	0.017090	0.195265	0.358638	0.408707
7.160000	0.275633	0.257531	0.369664	0.528154	-0.008240	0.307012	0.263930	0.328120	0.521131
7.168000	0.269513	0.219009	0.091275	0.359073	-0.012055	0.249790	0.202894	0.129753	0.346983
7.176000	0.159851	0.169029	-0.143957	0.273582	-0.012360	0.165866	0.187635	-0.175428	0.305767
7.184000	0.155782	0.002953	0.112925	0.192429	0.061494	0.158236	-0.010732	0.129753	0.204914
7.192000	0.020427	-0.065029	0.367584	0.373850	-0.009766	0.017090	-0.060324	0.366267	0.371595
7.200000	0.017250	0.009060	0.266190	0.266902	-0.010681	0.017090	0.012156	0.259454	0.260301
7.208000	0.141125	0.000542	0.221432	0.262581	-0.007477	0.142977	-0.006917	0.228936	0.270004
7.216000	0.039388	0.006277	0.219574	0.223167	-0.009003	0.039979	0.015971	0.213677	0.217971
7.224000	-0.078829	0.043224	0.048838	0.102310	-0.005035	-0.082094	0.031230	0.053457	0.102822
7.232000	-0.000481	-0.021804	-0.119882	0.121849	-0.012665	0.001831	-0.006917	-0.122021	0.122231
7.240000	0.019964	-0.131276	-0.050993	0.142240	-0.008240	0.020905	-0.148063	-0.053356	0.158766
7.248000	-0.120568	-0.179961	0.176940	0.279697	-0.014801	-0.124056	-0.163322	0.183159	0.274975
7.256000	-0.213756	-0.167848	0.238440	0.361550	0.059815	-0.207980	-0.182396	0.228936	0.359077
7.264000	-0.167915	-0.127809	0.159344	0.264426	-0.015564	-0.177462	-0.117545	0.175530	0.275899
7.272000	-0.100137	-0.159059	0.203126	0.276744	-0.003967	-0.085908	-0.163322	0.175530	0.254686
7.280000	-0.101287	-0.238010	0.135976	0.292228	-0.017243	-0.120241	-0.239618	0.175530	0.320445
7.288000	-0.246274	-0.257497	-0.098998	0.369805	0.022889	-0.223239	-0.251062	-0.144910	0.365878
7.296000	-0.417038	-0.195043	-0.046160	0.462702	-0.012512	-0.440681	-0.205285	0.000051	0.486149
7.304000	-0.342074	-0.069106	0.145927	0.378266	-0.005951	-0.322423	-0.056509	0.099235	0.342049
7.312000	-0.178039	0.071342	0.078924	0.207405	-0.014954	-0.192721	0.057933	0.129753	0.239444
7.320000	-0.064130	0.156211	0.016646	0.169681	-0.007324	-0.051575	0.168561	-0.038097	0.180345
7.328000	0.111499	0.173201	0.152268	0.256156	0.036622	0.097200	0.164747	0.206048	0.281149
7.336000	0.186111	0.197357	0.314409	0.415259	-0.007324	0.204013	0.199079	0.267084	0.390625
7.344000	0.158717	0.173604	0.331504	0.406478	-0.010224	0.139162	0.180006	0.366267	0.431184
7.352000	0.141530	0.143811	0.159079	0.256941	-0.010986	0.158236	0.130414	0.145012	0.251147
7.360000	0.018793	0.159342	0.142217	0.214403	0.037385	0.009461	0.176191	0.129753	0.219017
7.368000	-0.010514	0.115964	0.100671	0.153925	-0.010224	-0.009613	0.099896	0.137382	0.170133
7.376000	0.131570	0.106418	-0.072288	0.184013	-0.010224	0.135348	0.118970	-0.122021	0.217628
7.384000	0.150814	0.142916	0.095992	0.228876	-0.011749	0.146792	0.134229	0.145012	0.246157
7.392000	0.150858	0.121027	0.232230	0.302219	-0.011597	0.154421	0.126599	0.190789	0.276177
7.400000	0.221743	0.049533	0.252888	0.339964	0.020294	0.215457	0.046489	0.289972	0.364235
7.408000	0.179538	-0.012236	0.446325	0.481237	-0.005493	0.192569	-0.010732	0.404415	0.448051
7.416000	0.164030	-0.047060	0.335766	0.376642	-0.011902	0.142977	-0.048880	0.389156	0.417461
7.424000	0.151520	-0.098836	0.077289	0.196725	-0.009461	0.177310	-0.094657	0.015310	0.201576
7.432000	-0.034825	-0.140081	0.068939	0.159963	0.047456	-0.059205	-0.148063	0.129753	0.205581
7.440000	-0.112594	-0.130315	0.073022	0.187060	-0.005493	-0.093538	-0.117545	0.022939	0.151962
7.448000	-0.051982	-0.038324	0.134785	0.149459	-0.013886	-0.066835	-0.056509	0.167900	0.189343
7.456000	-0.069460	-0.009756	0.144707	0.160810	-0.005646	-0.055390	0.012156	0.129753	0.141604
7.464000	-0.123168	-0.145994	0.120071	0.225614	-0.019074	-0.139315	-0.167137	0.122123	0.249515
7.472000	-0.171279	-0.214428	0.265862	0.382097	0.004578	-0.150759	-0.197655	0.267084	0.364869
7.480000	-0.169935	-0.166837	0.218116	0.322935	-0.013581	-0.196536	-0.178581	0.221307	0.345680
7.488000	-0.175820	-0.045431	0.152374	0.237054	-0.005646	-0.143130	-0.037435	0.145012	0.207161
7.496000	-0.175487	0.077182	0.308777	0.363450	-0.017700	-0.211795	0.069378	0.312861	0.384125
7.504000	-0.121263	0.015226	0.260626	0.287858	0.065614	-0.085908	0.027415	0.267084	0.281896
7.512000	-0.125074	-0.038535	0.056997	0.142749	-0.013428	-0.154574	-0.056509	0.038198	0.168954
7.520000	-0.155506	-0.004750	-0.014807	0.156281	-0.006714	-0.135500	0.015971	0.015310	0.137294
7.528000	-0.161915	-0.060559	0.116334	0.208368	-0.012512	-0.169833	-0.079398	0.076346	0.202425
7.536000	-0.125617	-0.059392	0.388422	0.412527	-0.011597	-0.131685	-0.045065	0.434933	0.456660
7.544000	-0.091209	0.075523	0.477990	0.492440	-0.010986	-0.070649	0.065563	0.427304	0.438039
7.552000	-0.010810	0.162913	0.249631	0.298284	-0.007630	-0.043946	0.168561	0.305231	0.351440
7.560000	0.147556	0.092780	0.013666	0.174836	-0.011597	0.188754	0.092266	-0.045726	0.215016
7.568000	0.206524	0.004271	0.062120	0.215706	-0.013123	0.162051	0.000712	0.122123	0.202916
7.576000	0.140570	0.037973	0.167992	0.222313	0.063935	0.184939	0.042674	0.106864	0.217815
7.584000	0.084313	0.111050	0.041103	0.145362	-0.010529	0.043793	0.107525	0.106864	0.157796
7.592000	0.224286	0.156307	0.039244	0.276181	-0.008392	0.257420	0.157117	-0.030467	0.303115
7.600000	0.352878	0.063383	0.292380	0.462630	-0.008698	0.326085	0.065563	0.358638	0.489133
7.608000	0.152453	-0.084987	0.322508	0.366710	-0.006409	0.177310	-0.087027	0.267084	0.332184
7.616000	-0.028281	-0.049795	0.268778	0.274811	-0.004578	-0.051576	-0.052694	0.312861	0.321432
7.624000	0.049821	-0.012745	0.320884	0.324979	-0.004578	0.066682	-0.003103	0.282343	0.290127
7.632000	0.080667	-0.053889	0.241965	0.260688	-0.015412	0.074311	-0.067954	0.282343	0.299762
7.640000	-0.016143	-0.059259	0.154053	0.165845	-0.007630	-0.021057	-0.045065	0.106864	0.117874
7.648000	-0.173668	-0.107351	0.081889	0.219979	0.054017	-0.158389	-0.117545	0.137382	0.240370
7.656000	-0.212860	-0.098858	0.099459	0.254901	-0.005951	-0.234684	-0.094657	0.038198	0.255921
7.664000	-0.064363	-0.053030	0.192343	0.209644	-0.014038	-0.043946	-0.052694	0.251825	0.261005
7.672000	-0.112100	-0.078444	0.139050	0.195076	-0.007019	-0.124056	-0.079398	0.091605	0.173451
7.680000	-0.188546	-0.095752	0.186050	0.281661	0.007630	-0.185092	-0.098472	0.213677	0.299355
7.688000	-0.122173	-0.101065	0.159810	0.225121	-0.003357	-0.124056	-0.090842	0.152641	0.216660
7.696000	-0.190506	-0.028472	0.013075	0.193065	-0.014801	-0.181277	-0.048880	0.007680	0.187909
7.704000	-0.189654	-0.025232	0.168791	0.255139	-0.006409	-0.211795	0.004527	0.175530	0.275115
7.712000	-0.154857	-0.058082	0.103276	0.194987	-0.015412	-0.120241	-0.090842	0.099235	0.180437
7.720000	-0.181921	0.043957	-0.034779	0.190360	0.051270	-0.223239	0.069378	-0.022838	0.234884
7.728000	-0.065135	-0.020809	0.171848	0.184952	-0.012055	-0.024872	-0.029806	0.129753	0.135435
7.736000	0.020257	-0.080834	0.050936	0.097667	-0.006561	-0.013428	-0.090842	0.145012	0.171642
7.744000	-0.068135	-0.019951	0.380308	0.386878	-0.014496	-0.043946	0.004527	0.228936	0.233160
7.752000	-0.181574	-0.074893	0.663590	0.692048	0.030365	-0.192721	-0.106101	0.846927	0.875034
7.760000	0.077617	-0.069016	-0.011491	0.104497	-0.009613	0.074311	-0.037435	-0.175428	0.194161
7.768000	0.540407	0.002888	0.448890	0.702531	-0.011597	0.551156	-0.025991	0.549376	0.778628
7.776000	0.449813	0.025255	1.154982	1.239739	-0.009766	0.440528	0.050304	1.121589	1.206050
7.784000	0.009419	0.081574	0.576304	0.582125	-0.011444	0.017090	0.061748	0.572264	0.575840
7.792000	-0.065478	0.277443	0.254495	0.382138	0.028229	-0.074464	0.290633	0.267084	0.401680
7.800000	0.226143	0.451314	-0.010488	0.504911	-0.008545	0.234531	0.443224	-0.022838	0.501970
7.808000	0.386063	0.409410	-0.737013	0.927281	-0.006561	0.379492	0.416520	-0.717123	0.912014
7.816000	0.196668	0.227997	-0.730132	0.789781	-0.016327	0.204013	0.218153	-0.762900	0.819286
7.824000	-0.057884	-0.011414	0.085992	0.104286	0.051270	-0.066835	0.004527	0.122123	0.139289
7.832000	-0.106832	-0.048699	0.555276	0.567552	-0.013581	-0.097353	-0.071768	0.526487	0.540201
7.840000	0.008506	0.032843	0.445648	0.446938	-0.006714	-0.001984	0.057933	0.465451	0.469047
7.848000	0.036408	-0.072513	0.239249	0.252634	-0.014496	0.047608	-0.090842	0.228936	0.250860
7.856000	-0.133861	-0.103870	0.199388	0.261655	-0.008850	-0.143130	-0.098472	0.198418	0.263728
7.864000	-0.237388	-0.072212	0.104536	0.269250	0.002441	-0.230869	-0.064139	0.114494	0.265562
7.872000	-0.118073	-0.099851	-0.013094	0.155186	-0.002899	-0.124056	-0.117545	-0.022838	0.172419
7.880000	-0.034776	-0.134735	0.284416	0.316631	-0.014649	-0.028687	-0.113731	0.282343	0.305737
7.888000	-0.127735	-0.256939	0.508862	0.584188	-0.008240	-0.131685	-0.273950	0.526487	0.607930
7.896000	-0.242262	-0.236335	0.151394	0.370763	0.054475	-0.242313	-0.228173	0.122123	0.354532
7.904000	-0.258898	-0.076091	-0.314874	0.414685	-0.006256	-0.253758	-0.075583	-0.274612	0.381467
7.912000	-0.086497	0.029680	-0.192726	0.213321	-0.013581	-0.097353	0.023601	-0.244093	0.263849
7.920000	0.128871	0.114621	0.297831	0.344165	-0.005493	-0.040131	0.107525	0.183159	0.216147
7.928000	0.155723	0.130064	0.393320	0.442569	-0.017700	0.059052	0.084637	0.457822	0.469309
7.936000	0.134223	0.117829	0.324586	0.370480	-0.005798	0.062867	0.103710	0.610412	0.622343
7.944000	0.147715	0.125436	0.363710	0.412116	-0.009918	0.104829	0.122784	0.221307	0.273938
7.952000	0.141204	0.121824	0.347494	0.394375	-0.010681	0.104829	0.069378	0.206048	0.241367
7.960000	0.142985	0.122736	0.349605	0.397156	-0.012512	0.059052	0.176191	-0.053356	0.193332
7.968000	0.143800	0.123315	0.354314	0.401775	0.063783	0.173495	0.260115	-0.259352	0.406232
7.976000	0.141907	0.122102	0.347543	0.394757	-0.010071	0.307012	0.267745	0.030569	0.408507
7.984000	0.143967	0.123418	0.353737	0.401358	-0.006867	0.257420	0.191450	0.267084	0.417435
7.992000	0.142298	0.122371	0.349596	0.396788	-0.010224	0.142977	0.122784	0.351008	0.398403
